time: 0.00
a: (0.46, 0.09, 9.97)
g: (0.49, -0.61, 0.03)
time: 0.10
a: (0.49, 0.09, 10.01)
g: (0.52, -0.18, -0.03)
time: 0.20
a: (0.46, 0.08, 9.94)
g: (0.61, -0.67, 0.09)
time: 0.30
a: (0.47, 0.09, 9.97)
g: (0.21, -0.76, 0.40)
time: 0.40
a: (0.49, 0.09, 9.98)
g: (0.52, -0.09, 0.46)
time: 0.50
a: (0.48, 0.11, 9.95)
g: (0.52, -0.34, 0.31)
time: 0.60
a: (0.51, 0.12, 9.94)
g: (0.18, -1.34, 0.21)
time: 0.70
a: (0.84, 0.11, 10.05)
g: (0.03, 4.06, 0.18)
time: 0.80
a: (1.33, 0.31, 10.11)
g: (-0.12, 8.24, 0.61)
time: 0.90
a: (2.22, 0.03, 10.41)
g: (9.77, -12.70, -3.75)
time: 1.00
a: (1.92, 0.49, 9.81)
g: (9.25, -1.46, -5.65)
time: 1.10
a: (1.35, 0.41, 9.72)
g: (-6.87, -13.09, -6.35)
time: 1.20
a: (0.85, -0.20, 9.52)
g: (-7.48, -11.72, -12.82)
time: 1.30
a: (0.86, -0.14, 9.68)
g: (-12.66, -6.84, -8.91)
time: 1.40
a: (0.75, -0.48, 9.90)
g: (-7.29, 23.25, 6.38)
time: 1.51
a: (-0.36, -0.24, 9.53)
g: (6.93, 7.87, -3.94)
time: 1.61
a: (-0.30, -0.44, 10.15)
g: (-10.68, -8.67, 1.68)
time: 1.71
a: (-0.62, -0.60, 10.52)
g: (-3.45, -13.18, -4.46)
time: 1.81
a: (-0.36, -0.37, 10.06)
g: (-3.33, -1.53, -7.26)
time: 1.91
a: (0.37, -0.30, 9.81)
g: (-1.37, -1.62, -1.89)
time: 2.01
a: (0.80, -0.44, 10.13)
g: (0.40, -5.28, 0.92)
time: 2.11
a: (1.08, -0.47, 9.92)
g: (3.57, -5.19, 0.43)
time: 2.21
a: (1.26, -0.37, 9.82)
g: (2.78, -8.00, 1.13)
time: 2.31
a: (1.27, -0.42, 9.77)
g: (0.92, -9.77, -0.03)
time: 2.41
a: (1.41, -0.42, 9.86)
g: (0.82, -4.73, 0.18)
time: 2.51
a: (1.65, -0.39, 9.82)
g: (0.00, -2.14, -0.31)
time: 2.61
a: (1.43, -0.44, 9.80)
g: (0.40, 0.18, -0.43)
time: 2.71
a: (1.57, -0.30, 9.81)
g: (1.46, -4.91, -0.67)
time: 2.81
a: (1.54, -0.27, 9.93)
g: (0.21, -4.24, -1.28)
time: 2.91
a: (0.85, -0.54, 10.30)
g: (-1.34, 2.66, -3.94)
time: 3.01
a: (-0.11, -0.39, 9.69)
g: (-2.20, -1.53, -5.55)
time: 3.11
a: (0.24, -0.82, 10.08)
g: (-3.88, 0.55, -3.51)
time: 3.21
a: (0.51, -0.61, 10.11)
g: (4.12, 12.42, 11.23)
time: 3.31
a: (0.72, -0.34, 9.98)
g: (5.28, 4.21, 27.13)
time: 3.41
a: (1.48, -0.54, 9.40)
g: (7.78, 13.40, 37.60)
time: 3.51
a: (1.31, -1.07, 9.87)
g: (-4.55, 20.08, 34.94)
time: 3.61
a: (1.34, -0.58, 9.84)
g: (-7.63, 7.14, 21.79)
time: 3.71
a: (1.18, -0.74, 10.11)
g: (3.94, 4.21, 7.08)
time: 3.81
a: (1.62, -0.28, 9.54)
g: (8.33, -18.65, 1.80)
time: 3.91
a: (2.49, -0.14, 9.71)
g: (2.35, -5.92, 10.65)
time: 4.01
a: (2.16, -0.23, 9.82)
g: (-1.31, 6.99, 11.05)
time: 4.11
a: (1.60, -0.51, 9.95)
g: (-1.80, 6.41, 6.10)
time: 4.21
a: (0.52, -0.14, 10.30)
g: (5.46, -16.24, -6.53)
time: 4.31
a: (0.94, -0.42, 9.71)
g: (7.60, -5.52, 4.09)
time: 4.41
a: (1.20, -0.39, 9.60)
g: (0.12, 4.09, -2.38)
time: 4.51
a: (0.69, -0.22, 9.98)
g: (-2.20, 2.75, -4.12)
time: 4.61
a: (0.69, -0.16, 10.12)
g: (1.71, -0.27, -1.37)
time: 4.71
a: (0.74, -0.23, 9.94)
g: (1.95, -0.52, -0.46)
time: 4.81
a: (0.76, -0.33, 9.93)
g: (1.74, 1.68, -2.59)
time: 4.91
a: (0.54, -0.21, 9.78)
g: (1.95, 0.31, -0.27)
time: 5.01
a: (0.71, -0.24, 9.84)
g: (-2.62, 1.77, -0.46)
time: 5.11
a: (0.63, -0.24, 10.21)
g: (-1.74, 0.40, 0.21)
time: 5.21
a: (0.70, -0.20, 9.90)
g: (0.12, -1.50, 1.40)
time: 5.31
a: (0.80, -0.27, 10.02)
g: (0.09, 0.49, -0.31)
time: 5.41
a: (0.71, -0.32, 9.87)
g: (0.18, -3.33, -1.62)
time: 5.51
a: (0.67, -0.28, 9.87)
g: (-0.37, -0.49, -0.70)
time: 5.61
a: (0.66, -0.31, 9.95)
g: (1.04, -0.67, 0.46)
time: 5.71
a: (0.79, -0.24, 9.89)
g: (-0.34, 0.06, 0.00)
time: 5.81
a: (0.62, -0.18, 9.91)
g: (0.98, 0.03, -1.50)
time: 5.91
a: (0.63, -0.28, 10.02)
g: (1.59, 0.12, -1.59)
time: 6.01
a: (0.50, -0.18, 9.96)
g: (1.25, -1.34, 1.31)
time: 6.11
a: (0.71, -0.28, 9.91)
g: (0.24, -0.31, -0.46)
time: 6.21
a: (0.64, -0.33, 10.11)
g: (0.61, -1.19, 0.34)
time: 6.31
a: (0.70, -0.24, 9.87)
g: (-0.49, -0.58, -0.12)
time: 6.41
a: (0.64, -0.33, 10.06)
g: (1.56, -3.05, 1.62)
time: 6.51
a: (0.72, -0.16, 9.84)
g: (1.13, -0.18, 1.83)
