time: 0.00
a: (0.39, 0.95, 9.94)
g: (-1.01, 1.04, 0.09)
time: 0.10
a: (0.39, 0.94, 9.94)
g: (-0.76, 0.73, 0.31)
time: 0.20
a: (0.37, 0.96, 9.95)
g: (-0.98, 0.92, 0.03)
time: 0.30
a: (0.39, 0.94, 9.94)
g: (-1.04, 1.13, 0.40)
time: 0.40
a: (0.49, 0.91, 9.93)
g: (-1.62, 2.78, 0.49)
time: 0.50
a: (1.13, 0.90, 9.86)
g: (-10.86, 13.92, 5.95)
time: 0.60
a: (1.77, 0.59, 10.04)
g: (6.96, 5.13, 15.05)
time: 0.70
a: (2.06, 1.22, 9.56)
g: (4.39, 3.69, 20.69)
time: 0.80
a: (1.19, 0.88, 10.07)
g: (1.19, -11.99, -21.55)
time: 0.90
a: (0.58, 1.06, 9.99)
g: (2.29, -9.89, -38.48)
time: 1.00
a: (0.08, 1.22, 9.93)
g: (-3.91, -8.97, -26.67)
time: 1.10
a: (-0.11, 0.96, 9.93)
g: (-8.21, -2.96, -16.08)
time: 1.20
a: (-0.10, 0.86, 9.98)
g: (-9.83, -2.35, -11.14)
time: 1.30
a: (-0.06, 0.61, 10.08)
g: (-4.70, -5.74, -9.28)
time: 1.40
a: (-0.49, 0.24, 9.92)
g: (-2.20, -5.92, -6.84)
time: 1.50
a: (-1.30, 0.60, 10.14)
g: (-1.40, 2.50, -13.52)
time: 1.61
a: (-0.13, 0.80, 9.99)
g: (-3.08, -0.67, -5.43)
time: 1.71
a: (0.97, 0.37, 9.87)
g: (-10.44, -4.00, 1.59)
time: 1.81
a: (0.59, 0.95, 10.03)
g: (1.04, 0.79, 2.47)
time: 1.91
a: (0.82, 0.61, 9.97)
g: (0.61, -0.40, -0.34)
time: 2.01
a: (0.76, 0.68, 9.96)
g: (-1.46, -1.04, -0.03)
time: 2.11
a: (0.86, 0.60, 9.91)
g: (-1.34, -0.55, -0.55)
time: 2.21
a: (0.82, 0.78, 9.95)
g: (-1.22, 1.04, -2.62)
time: 2.31
a: (0.74, 0.76, 10.02)
g: (-0.85, -1.13, -1.07)
time: 2.41
a: (0.84, 0.61, 9.98)
g: (-0.79, -2.29, 1.19)
time: 2.51
a: (1.03, 0.44, 9.87)
g: (0.73, 2.11, -1.07)
time: 2.61
a: (0.83, 0.58, 9.94)
g: (-0.31, 3.30, -2.84)
time: 2.71
a: (0.87, 0.65, 9.98)
g: (-2.50, 1.31, -2.14)
time: 2.81
a: (0.99, 0.88, 9.93)
g: (-5.98, -1.25, -2.87)
time: 2.91
a: (0.81, 0.48, 9.96)
g: (-4.06, -0.18, -1.46)
time: 3.01
a: (0.77, 0.49, 9.99)
g: (-1.77, 0.34, -0.52)
time: 3.11
a: (0.93, 0.45, 9.92)
g: (-1.22, 1.19, -0.52)
time: 3.21
a: (0.83, 0.49, 9.97)
g: (-1.07, 1.56, -0.82)
time: 3.31
a: (0.93, 0.55, 9.95)
g: (-1.01, 0.73, -0.58)
time: 3.41
a: (0.87, 0.46, 9.93)
g: (-1.59, 0.18, 0.98)
time: 3.51
a: (0.83, 0.50, 9.95)
g: (-1.25, 0.12, 0.43)
time: 3.61
a: (0.85, 0.48, 9.97)
g: (-0.95, 0.40, 0.03)
time: 3.71
a: (0.84, 0.48, 9.98)
g: (-1.37, -0.31, 0.34)
time: 3.81
a: (0.89, 0.47, 9.95)
g: (-0.76, 0.09, -0.18)
time: 3.91
a: (0.90, 0.47, 9.94)
g: (-1.07, 0.58, 0.09)
time: 4.01
a: (0.89, 0.43, 9.96)
g: (-0.82, 0.58, -0.09)
time: 4.11
a: (0.91, 0.49, 9.96)
g: (-0.73, 1.31, -0.03)
time: 4.21
a: (0.88, 0.43, 9.96)
g: (-0.85, -0.06, 0.34)
time: 4.31
a: (0.93, 0.44, 9.92)
g: (-1.22, 0.58, -0.18)
time: 4.41
a: (0.76, 0.54, 10.04)
g: (-1.80, -0.49, -0.03)
time: 4.51
a: (1.12, 0.25, 9.90)
g: (-1.95, -1.62, 0.95)
time: 4.61
a: (0.87, 0.53, 9.98)
g: (2.17, 3.78, -0.73)
time: 4.71
a: (0.85, 0.36, 9.96)
g: (-0.09, 1.89, -0.70)
time: 4.81
a: (0.85, 0.54, 9.98)
g: (-2.08, 0.73, -1.01)
time: 4.91
a: (0.90, 0.46, 9.97)
g: (-2.75, 1.37, -1.34)
time: 5.01
a: (0.82, 0.36, 9.99)
g: (-1.98, 0.21, -0.49)
