time: 0.00
ori: (3.75, 355.36, 0.00)
a: (0.08, 0.07, 1.01)
g: (0.08, 0.07, 0.99)
net: (0.01, 0.01, 0.17)
world: (0.02833, 0.02281, 0.17187)
time: 0.10
ori: (4.26, 355.96, 0.09)
a: (0.07, 0.07, 1.00)
g: (0.07, 0.07, 0.99)
net: (0.00, 0.00, 0.06)
world: (0.00785, 0.00824, 0.05469)
time: 0.20
ori: (4.09, 355.26, 0.18)
a: (0.08, 0.07, 1.00)
g: (0.08, 0.07, 0.99)
net: (0.00, 0.00, 0.04)
world: (0.00734, 0.00629, 0.04338)
time: 0.30
ori: (4.31, 355.66, 0.20)
a: (0.08, 0.08, 1.01)
g: (0.08, 0.08, 0.99)
net: (0.01, 0.01, 0.11)
world: (0.01665, 0.01643, 0.10780)
time: 0.40
ori: (4.45, 355.61, 0.20)
a: (0.08, 0.08, 1.00)
g: (0.08, 0.08, 0.99)
net: (0.01, 0.01, 0.08)
world: (0.01179, 0.01185, 0.07536)
time: 0.50
ori: (4.36, 355.22, 0.21)
a: (0.08, 0.08, 1.01)
g: (0.08, 0.08, 0.99)
net: (0.01, 0.01, 0.17)
world: (0.02863, 0.02591, 0.16802)
time: 0.60
ori: (5.76, 352.09, 0.49)
a: (0.14, 0.10, 1.00)
g: (0.14, 0.10, 0.99)
net: (0.02, 0.02, 0.15)
world: (0.04235, 0.03025, 0.14585)
time: 0.70
ori: (3.88, 350.18, 0.75)
a: (0.19, 0.07, 1.08)
g: (0.17, 0.07, 0.98)
net: (0.17, 0.07, 1.00)
world: (0.34189, 0.13082, 0.94714)
time: 0.80
ori: (359.79, 348.29, 2.27)
a: (0.22, -0.00, 1.05)
g: (0.20, -0.00, 0.98)
net: (0.15, -0.00, 0.70)
world: (0.28442, -0.01076, 0.65712)
time: 0.90
ori: (358.98, 346.40, 2.42)
a: (0.25, -0.02, 1.02)
g: (0.24, -0.02, 0.97)
net: (0.11, -0.01, 0.45)
world: (0.21266, -0.02039, 0.41445)
time: 1.00
ori: (2.99, 347.62, 3.28)
a: (0.20, 0.05, 0.93)
g: (0.21, 0.05, 0.98)
net: (-0.10, -0.02, -0.46)
world: (-0.19768, -0.04086, -0.42410)
time: 1.10
ori: (0.47, 350.89, 6.27)
a: (0.15, 0.01, 0.93)
g: (0.16, 0.01, 0.99)
net: (-0.09, -0.00, -0.54)
world: (-0.17246, 0.00080, -0.52409)
time: 1.20
ori: (2.80, 350.44, 10.97)
a: (0.17, 0.05, 0.99)
g: (0.17, 0.05, 0.98)
net: (0.01, 0.00, 0.07)
world: (0.02289, 0.00428, 0.06441)
time: 1.31
ori: (357.99, 352.84, 15.88)
a: (0.12, -0.03, 0.96)
g: (0.12, -0.04, 0.99)
net: (-0.04, 0.01, -0.35)
world: (-0.08273, 0.03617, -0.34362)
time: 1.41
ori: (355.66, 351.58, 18.51)
a: (0.15, -0.08, 0.98)
g: (0.15, -0.08, 0.99)
net: (-0.01, 0.01, -0.07)
world: (-0.01810, 0.01333, -0.06672)
time: 1.51
ori: (0.11, 352.94, 20.41)
a: (0.13, 0.00, 1.03)
g: (0.12, 0.00, 0.99)
net: (0.05, 0.00, 0.42)
world: (0.09955, -0.01641, 0.40778)
time: 1.61
ori: (0.55, 355.76, 20.33)
a: (0.07, 0.01, 1.01)
g: (0.07, 0.01, 1.00)
net: (0.01, 0.00, 0.09)
world: (0.01269, -0.00062, 0.08588)
time: 1.71
ori: (6.40, 3.22, 18.32)
a: (-0.06, 0.11, 0.99)
g: (-0.06, 0.11, 0.99)
net: (0.00, -0.01, -0.07)
world: (0.00501, -0.01576, -0.06570)
time: 1.81
ori: (3.30, 2.82, 18.05)
a: (-0.06, 0.06, 1.12)
g: (-0.05, 0.06, 1.00)
net: (-0.06, 0.07, 1.20)
world: (-0.09366, 0.15238, 1.18690)
time: 1.91
ori: (358.04, 356.53, 17.80)
a: (0.06, -0.04, 1.03)
g: (0.06, -0.03, 1.00)
net: (0.02, -0.01, 0.35)
world: (0.03760, -0.02971, 0.34692)
time: 2.01
ori: (359.11, 353.03, 17.66)
a: (0.12, -0.02, 0.98)
g: (0.12, -0.02, 0.99)
net: (-0.01, 0.00, -0.09)
world: (-0.02059, 0.00595, -0.08674)
time: 2.11
ori: (358.87, 351.06, 17.54)
a: (0.16, -0.02, 1.00)
g: (0.16, -0.02, 0.99)
net: (0.02, -0.00, 0.15)
world: (0.04496, -0.01293, 0.14559)
time: 2.21
ori: (359.71, 351.52, 17.73)
a: (0.15, -0.01, 1.02)
g: (0.15, -0.01, 0.99)
net: (0.05, -0.00, 0.31)
world: (0.08931, -0.01718, 0.30171)
time: 2.31
ori: (356.25, 354.60, 17.87)
a: (0.09, -0.07, 0.99)
g: (0.09, -0.07, 0.99)
net: (-0.00, 0.00, -0.00)
world: (-0.00071, 0.00068, -0.00436)
time: 2.41
ori: (359.55, 352.90, 18.04)
a: (0.12, -0.01, 0.95)
g: (0.12, -0.01, 0.99)
net: (-0.05, 0.00, -0.41)
world: (-0.09717, 0.02182, -0.39800)
time: 2.51
ori: (357.02, 352.91, 18.21)
a: (0.13, -0.05, 1.04)
g: (0.12, -0.05, 0.99)
net: (0.06, -0.02, 0.46)
world: (0.10364, -0.06444, 0.44919)
time: 2.61
ori: (358.75, 352.96, 18.34)
a: (0.12, -0.02, 0.98)
g: (0.12, -0.02, 0.99)
net: (-0.01, 0.00, -0.08)
world: (-0.01759, 0.00616, -0.07411)
time: 2.71
ori: (358.15, 353.35, 18.70)
a: (0.12, -0.03, 1.01)
g: (0.12, -0.03, 0.99)
net: (0.02, -0.00, 0.14)
world: (0.03076, -0.01426, 0.13990)
time: 2.81
ori: (358.37, 354.10, 18.86)
a: (0.10, -0.03, 1.00)
g: (0.10, -0.03, 0.99)
net: (0.01, -0.00, 0.07)
world: (0.01379, -0.00640, 0.07098)
time: 2.91
ori: (358.65, 352.94, 19.05)
a: (0.13, -0.02, 1.02)
g: (0.12, -0.02, 0.99)
net: (0.03, -0.01, 0.25)
world: (0.05876, -0.02181, 0.24798)
time: 3.01
ori: (0.89, 357.29, 19.95)
a: (0.05, 0.02, 1.07)
g: (0.05, 0.02, 1.00)
net: (0.03, 0.01, 0.67)
world: (0.06462, 0.00926, 0.66477)
time: 3.11
ori: (1.28, 6.69, 22.12)
a: (-0.12, 0.02, 1.01)
g: (-0.12, 0.02, 0.99)
net: (-0.02, 0.00, 0.21)
world: (-0.04573, 0.01843, 0.20746)
time: 3.21
ori: (355.90, 10.43, 24.15)
a: (-0.19, -0.07, 1.01)
g: (-0.18, -0.07, 0.98)
net: (-0.05, -0.02, 0.26)
world: (-0.09749, -0.01522, 0.24471)
time: 3.31
ori: (355.18, 9.24, 25.79)
a: (-0.16, -0.08, 0.98)
g: (-0.16, -0.08, 0.98)
net: (0.01, 0.00, -0.06)
world: (0.01878, 0.00477, -0.05281)
time: 3.41
ori: (351.59, 3.61, 25.92)
a: (-0.06, -0.15, 1.01)
g: (-0.06, -0.15, 0.99)
net: (-0.01, -0.03, 0.18)
world: (-0.03418, -0.04599, 0.17796)
time: 3.51
ori: (354.67, 4.82, 23.69)
a: (-0.08, -0.09, 1.00)
g: (-0.08, -0.09, 0.99)
net: (-0.00, -0.00, 0.05)
world: (-0.00962, -0.00691, 0.04713)
time: 3.61
ori: (355.81, 6.92, 22.78)
a: (-0.13, -0.08, 1.09)
g: (-0.12, -0.07, 0.99)
net: (-0.12, -0.07, 1.00)
world: (-0.26133, -0.09261, 0.97499)
time: 3.71
ori: (4.39, 5.79, 16.23)
a: (-0.09, 0.07, 0.91)
g: (-0.10, 0.08, 0.99)
net: (0.08, -0.06, -0.78)
world: (0.13837, -0.13916, -0.76516)
time: 3.81
ori: (359.45, 348.50, 8.51)
a: (0.18, -0.01, 0.91)
g: (0.20, -0.01, 0.98)
net: (-0.15, 0.01, -0.73)
world: (-0.28797, 0.03563, -0.68503)
time: 3.91
ori: (3.50, 346.84, 4.84)
a: (0.26, 0.07, 1.09)
g: (0.23, 0.06, 0.97)
net: (0.27, 0.07, 1.16)
world: (0.53222, 0.11450, 1.05751)
time: 4.01
ori: (5.08, 356.44, 5.64)
a: (0.07, 0.09, 1.05)
g: (0.06, 0.09, 0.99)
net: (0.04, 0.05, 0.56)
world: (0.07454, 0.09547, 0.55161)
time: 4.11
ori: (359.65, 351.46, 5.37)
a: (0.16, -0.01, 1.09)
g: (0.15, -0.01, 0.99)
net: (0.15, -0.01, 0.97)
world: (0.28688, -0.02542, 0.93812)
time: 4.21
ori: (6.53, 7.56, 3.74)
a: (-0.14, 0.12, 1.06)
g: (-0.13, 0.11, 0.98)
net: (-0.09, 0.08, 0.69)
world: (-0.17680, 0.16155, 0.65810)
time: 4.31
ori: (6.31, 1.44, 3.86)
a: (-0.03, 0.11, 0.99)
g: (-0.03, 0.11, 0.99)
net: (0.00, -0.00, -0.03)
world: (0.00109, -0.00564, -0.02503)
time: 4.41
ori: (5.86, 3.75, 3.07)
a: (-0.07, 0.10, 1.01)
g: (-0.07, 0.10, 0.99)
net: (-0.01, 0.02, 0.19)
world: (-0.02423, 0.03999, 0.18875)
time: 4.51
ori: (5.87, 3.41, 2.70)
a: (-0.06, 0.10, 1.01)
g: (-0.06, 0.10, 0.99)
net: (-0.01, 0.02, 0.17)
world: (-0.01928, 0.03496, 0.16518)
time: 4.61
ori: (4.93, 3.91, 2.70)
a: (-0.07, 0.09, 1.02)
g: (-0.07, 0.09, 0.99)
net: (-0.01, 0.02, 0.21)
world: (-0.02781, 0.03666, 0.20610)
time: 4.71
ori: (4.91, 3.94, 2.65)
a: (-0.07, 0.09, 1.01)
g: (-0.07, 0.09, 0.99)
net: (-0.01, 0.02, 0.20)
world: (-0.02629, 0.03422, 0.19320)
time: 4.82
ori: (4.52, 4.40, 2.64)
a: (-0.08, 0.08, 0.99)
g: (-0.08, 0.08, 0.99)
net: (0.00, -0.00, -0.06)
world: (0.00859, -0.00921, -0.05634)
time: 4.92
ori: (4.72, 4.21, 2.39)
a: (-0.07, 0.08, 0.99)
g: (-0.07, 0.08, 0.99)
net: (0.00, -0.00, -0.02)
world: (0.00250, -0.00291, -0.01720)
time: 5.02
ori: (4.32, 4.44, 2.40)
a: (-0.08, 0.08, 1.02)
g: (-0.08, 0.08, 0.99)
net: (-0.02, 0.02, 0.25)
world: (-0.03846, 0.03886, 0.24864)
time: 5.12
ori: (4.72, 4.20, 2.45)
a: (-0.07, 0.08, 1.00)
g: (-0.07, 0.08, 0.99)
net: (-0.00, 0.00, 0.03)
world: (-0.00450, 0.00526, 0.03079)
time: 5.22
ori: (4.18, 4.14, 2.56)
a: (-0.07, 0.07, 1.02)
g: (-0.07, 0.07, 0.99)
net: (-0.02, 0.02, 0.21)
world: (-0.02929, 0.03082, 0.20404)
time: 5.32
ori: (4.49, 3.71, 2.54)
a: (-0.07, 0.08, 1.00)
g: (-0.06, 0.08, 0.99)
net: (-0.00, 0.00, 0.06)
world: (-0.00767, 0.00969, 0.05987)
time: 5.42
ori: (4.52, 3.93, 2.45)
a: (-0.07, 0.08, 0.99)
g: (-0.07, 0.08, 0.99)
net: (0.00, -0.00, -0.01)
world: (0.00116, -0.00139, -0.00862)
time: 5.52
ori: (4.57, 5.31, 2.38)
a: (-0.09, 0.08, 1.02)
g: (-0.09, 0.08, 0.99)
net: (-0.02, 0.02, 0.23)
world: (-0.04209, 0.03757, 0.22600)
time: 5.62
ori: (5.00, 4.54, 2.32)
a: (-0.08, 0.09, 1.00)
g: (-0.08, 0.09, 0.99)
net: (-0.00, 0.00, 0.03)
world: (-0.00432, 0.00493, 0.02721)
time: 5.72
ori: (4.13, 4.55, 2.47)
a: (-0.08, 0.07, 1.00)
g: (-0.08, 0.07, 0.99)
net: (-0.01, 0.01, 0.10)
world: (-0.01588, 0.01499, 0.10011)
time: 5.82
ori: (3.72, 3.64, 2.30)
a: (-0.06, 0.07, 1.00)
g: (-0.06, 0.06, 1.00)
net: (-0.00, 0.00, 0.06)
world: (-0.00689, 0.00730, 0.05466)
time: 5.92
ori: (4.30, 4.76, 2.07)
a: (-0.08, 0.08, 1.01)
g: (-0.08, 0.08, 0.99)
net: (-0.01, 0.01, 0.14)
world: (-0.02232, 0.02082, 0.13375)
time: 6.02
ori: (4.62, 4.07, 2.05)
a: (-0.07, 0.08, 1.02)
g: (-0.07, 0.08, 0.99)
net: (-0.02, 0.02, 0.27)
world: (-0.03737, 0.04386, 0.26385)
time: 6.12
ori: (4.61, 4.64, 1.95)
a: (-0.08, 0.08, 1.00)
g: (-0.08, 0.08, 0.99)
net: (-0.01, 0.01, 0.07)
world: (-0.01141, 0.01167, 0.07013)
time: 6.22
ori: (4.38, 4.64, 1.85)
a: (-0.08, 0.08, 0.99)
g: (-0.08, 0.08, 0.99)
net: (0.00, -0.00, -0.03)
world: (0.00482, -0.00468, -0.02978)
time: 6.32
ori: (4.47, 4.49, 1.98)
a: (-0.08, 0.08, 1.02)
g: (-0.08, 0.08, 0.99)
net: (-0.02, 0.02, 0.23)
world: (-0.03574, 0.03667, 0.22751)
time: 6.42
ori: (3.93, 4.39, 2.06)
a: (-0.08, 0.07, 1.00)
g: (-0.08, 0.07, 0.99)
net: (-0.01, 0.01, 0.09)
world: (-0.01423, 0.01315, 0.09280)
time: 6.52
ori: (4.30, 4.72, 2.06)
a: (-0.08, 0.08, 1.00)
g: (-0.08, 0.08, 0.99)
net: (-0.01, 0.01, 0.07)
world: (-0.01173, 0.01104, 0.07092)
time: 6.62
ori: (4.52, 4.71, 2.08)
a: (-0.08, 0.08, 1.02)
g: (-0.08, 0.08, 0.99)
net: (-0.02, 0.02, 0.22)
world: (-0.03484, 0.03450, 0.21138)
time: 6.72
ori: (4.14, 5.02, 2.11)
a: (-0.09, 0.07, 1.02)
g: (-0.09, 0.07, 0.99)
net: (-0.02, 0.02, 0.23)
world: (-0.03951, 0.03373, 0.22458)
time: 6.82
ori: (3.74, 4.44, 2.01)
a: (-0.08, 0.07, 1.00)
g: (-0.08, 0.07, 0.99)
net: (-0.01, 0.01, 0.09)
world: (-0.01425, 0.01240, 0.09192)
time: 6.92
ori: (7.79, 356.00, 0.36)
a: (0.07, 0.14, 1.02)
g: (0.07, 0.14, 0.99)
net: (0.02, 0.05, 0.35)
world: (0.04935, 0.09437, 0.33721)
time: 7.02
ori: (1.26, 350.94, 357.98)
a: (0.19, 0.03, 1.21)
g: (0.16, 0.02, 0.99)
net: (0.35, 0.05, 2.20)
world: (0.68990, 0.10772, 2.11230)
time: 7.12
ori: (359.12, 350.21, 358.07)
a: (0.16, -0.01, 0.94)
g: (0.17, -0.02, 0.99)
net: (-0.07, 0.01, -0.43)
world: (-0.14668, 0.01051, -0.41184)
time: 7.22
ori: (0.56, 352.56, 0.82)
a: (0.12, 0.01, 0.91)
g: (0.13, 0.01, 0.99)
net: (-0.10, -0.01, -0.78)
world: (-0.20283, -0.01358, -0.76280)
time: 7.32
ori: (3.66, 359.45, 4.89)
a: (0.01, 0.07, 1.02)
g: (0.01, 0.06, 1.00)
net: (0.00, 0.02, 0.26)
world: (0.00634, 0.03264, 0.25650)
time: 7.42
ori: (3.25, 6.62, 7.71)
a: (-0.11, 0.05, 0.95)
g: (-0.12, 0.06, 0.99)
net: (0.05, -0.02, -0.42)
world: (0.09342, -0.05378, -0.41016)
time: 7.52
ori: (2.40, 5.48, 9.33)
a: (-0.10, 0.04, 1.00)
g: (-0.10, 0.04, 0.99)
net: (-0.01, 0.00, 0.07)
world: (-0.01230, 0.00662, 0.06609)
time: 7.62
ori: (5.50, 1.10, 13.31)
a: (-0.02, 0.10, 1.09)
g: (-0.02, 0.10, 1.00)
net: (-0.02, 0.09, 0.90)
world: (-0.01429, 0.17496, 0.89047)
time: 7.72
ori: (358.45, 0.22, 16.58)
a: (-0.00, -0.03, 1.04)
g: (-0.00, -0.03, 1.00)
net: (-0.00, -0.01, 0.39)
world: (-0.00586, -0.02015, 0.38764)
time: 7.82
ori: (3.32, 2.31, 17.94)
a: (-0.04, 0.06, 0.97)
g: (-0.04, 0.06, 1.00)
net: (0.01, -0.01, -0.25)
world: (0.01541, -0.03176, -0.25158)
time: 7.92
ori: (352.20, 15.81, 18.51)
a: (-0.31, -0.15, 1.07)
g: (-0.27, -0.14, 0.95)
net: (-0.34, -0.17, 1.18)
world: (-0.68357, -0.19257, 1.01769)
time: 8.02
ori: (356.14, 7.23, 17.98)
a: (-0.13, -0.07, 1.02)
g: (-0.13, -0.07, 0.99)
net: (-0.04, -0.02, 0.33)
world: (-0.08739, -0.02984, 0.31784)
time: 8.12
ori: (356.97, 0.49, 17.80)
a: (-0.01, -0.06, 1.04)
g: (-0.01, -0.05, 1.00)
net: (-0.00, -0.02, 0.42)
world: (-0.01378, -0.04217, 0.41711)
time: 8.22
ori: (355.61, 359.39, 17.73)
a: (0.01, -0.08, 1.01)
g: (0.01, -0.08, 1.00)
net: (0.00, -0.01, 0.13)
world: (-0.00030, -0.01938, 0.12582)
time: 8.32
ori: (357.20, 359.10, 17.94)
a: (0.02, -0.05, 1.02)
g: (0.02, -0.05, 1.00)
net: (0.00, -0.01, 0.25)
world: (0.00386, -0.02459, 0.24433)
time: 8.42
ori: (355.64, 0.16, 18.25)
a: (-0.00, -0.08, 1.02)
g: (-0.00, -0.08, 1.00)
net: (-0.00, -0.02, 0.21)
world: (-0.00628, -0.03151, 0.21221)
time: 8.52
ori: (356.64, 359.10, 18.24)
a: (0.02, -0.06, 1.00)
g: (0.02, -0.06, 1.00)
net: (-0.00, 0.00, -0.00)
world: (-0.00001, 0.00006, -0.00051)
time: 8.62
ori: (354.84, 359.38, 18.23)
a: (0.01, -0.09, 0.98)
g: (0.01, -0.09, 1.00)
net: (-0.00, 0.01, -0.11)
world: (0.00080, 0.01998, -0.11035)
time: 8.72
ori: (358.32, 359.19, 18.32)
a: (0.01, -0.03, 1.02)
g: (0.01, -0.03, 1.00)
net: (0.00, -0.01, 0.20)
world: (0.00368, -0.01244, 0.20186)
time: 8.82
ori: (356.61, 4.82, 19.39)
a: (-0.08, -0.06, 1.01)
g: (-0.08, -0.06, 0.99)
net: (-0.01, -0.01, 0.10)
world: (-0.01851, -0.00873, 0.09941)
time: 8.92
ori: (359.48, 13.51, 21.75)
a: (-0.27, -0.01, 1.13)
g: (-0.23, -0.01, 0.97)
net: (-0.37, -0.01, 1.56)
world: (-0.70783, 0.11212, 1.43503)
time: 9.02
ori: (0.78, 13.95, 25.64)
a: (-0.27, 0.02, 1.09)
g: (-0.24, 0.01, 0.97)
net: (-0.29, 0.02, 1.18)
world: (-0.53395, 0.15640, 1.08112)
time: 9.12
ori: (347.68, 18.54, 28.18)
a: (-0.31, -0.21, 0.89)
g: (-0.32, -0.21, 0.93)
net: (0.12, 0.08, -0.37)
world: (0.25543, 0.07978, -0.29835)
time: 9.22
ori: (351.69, 11.24, 26.24)
a: (-0.17, -0.13, 0.87)
g: (-0.20, -0.14, 0.97)
net: (0.20, 0.15, -0.99)
world: (0.43094, 0.17702, -0.90730)
time: 9.32
ori: (355.61, 348.68, 22.30)
a: (0.20, -0.08, 1.00)
g: (0.20, -0.08, 0.98)
net: (0.04, -0.02, 0.20)
world: (0.06953, -0.04406, 0.18582)
time: 9.42
ori: (1.41, 353.18, 19.47)
a: (0.12, 0.03, 1.02)
g: (0.12, 0.02, 0.99)
net: (0.04, 0.01, 0.30)
world: (0.07149, 0.00225, 0.29287)
time: 9.52
ori: (0.28, 351.98, 15.37)
a: (0.17, 0.01, 1.21)
g: (0.14, 0.00, 0.99)
net: (0.31, 0.01, 2.17)
world: (0.59801, -0.06068, 2.10946)
time: 9.62
ori: (359.17, 354.34, 12.77)
a: (0.10, -0.01, 1.02)
g: (0.10, -0.01, 1.00)
net: (0.02, -0.00, 0.21)
world: (0.03972, -0.01041, 0.20439)
time: 9.72
ori: (2.55, 356.75, 11.24)
a: (0.06, 0.05, 1.02)
g: (0.06, 0.04, 1.00)
net: (0.01, 0.01, 0.23)
world: (0.02787, 0.01768, 0.22846)
time: 9.82
ori: (0.52, 0.44, 9.79)
a: (-0.01, 0.01, 1.00)
g: (-0.01, 0.01, 1.00)
net: (0.00, -0.00, -0.03)
world: (0.00041, -0.00058, -0.02984)
time: 9.92
ori: (359.51, 0.05, 8.45)
a: (-0.00, -0.01, 0.99)
g: (-0.00, -0.01, 1.00)
net: (0.00, 0.00, -0.05)
world: (0.00015, 0.00091, -0.05412)
time: 10.02
ori: (1.71, 359.39, 9.11)
a: (0.01, 0.03, 0.99)
g: (0.01, 0.03, 1.00)
net: (-0.00, -0.00, -0.09)
world: (-0.00238, -0.00527, -0.09134)
time: 10.12
ori: (1.92, 358.85, 9.18)
a: (0.02, 0.04, 1.05)
g: (0.02, 0.03, 1.00)
net: (0.01, 0.02, 0.46)
world: (0.02073, 0.02906, 0.45731)
time: 10.22
ori: (3.03, 0.62, 8.91)
a: (-0.01, 0.05, 1.02)
g: (-0.01, 0.05, 1.00)
net: (-0.00, 0.01, 0.23)
world: (-0.00309, 0.02456, 0.22940)
time: 10.32
ori: (2.37, 1.48, 8.52)
a: (-0.03, 0.04, 0.97)
g: (-0.03, 0.04, 1.00)
net: (0.01, -0.01, -0.31)
world: (0.01414, -0.02691, -0.31112)
time: 10.42
ori: (0.58, 0.29, 8.11)
a: (-0.01, 0.01, 1.02)
g: (-0.01, 0.01, 1.00)
net: (-0.00, 0.00, 0.15)
world: (-0.00134, 0.00316, 0.15268)
time: 10.52
ori: (0.09, 359.85, 8.01)
a: (0.00, 0.00, 1.04)
g: (0.00, 0.00, 1.00)
net: (0.00, 0.00, 0.39)
world: (0.00215, 0.00105, 0.39402)
time: 10.62
ori: (0.96, 0.61, 7.94)
a: (-0.01, 0.02, 1.00)
g: (-0.01, 0.02, 1.00)
net: (-0.00, 0.00, 0.04)
world: (-0.00073, 0.00136, 0.03902)
time: 10.72
ori: (0.50, 1.59, 7.95)
a: (-0.03, 0.01, 1.00)
g: (-0.03, 0.01, 1.00)
net: (0.00, -0.00, -0.02)
world: (0.00094, -0.00037, -0.01737)
time: 10.82
ori: (0.78, 0.33, 7.94)
a: (-0.01, 0.01, 1.01)
g: (-0.01, 0.01, 1.00)
net: (-0.00, 0.00, 0.07)
world: (-0.00072, 0.00207, 0.07410)
time: 10.92
ori: (1.34, 1.32, 7.61)
a: (-0.02, 0.02, 0.98)
g: (-0.02, 0.02, 1.00)
net: (0.00, -0.00, -0.20)
world: (0.00864, -0.01000, -0.20093)
time: 11.02
ori: (0.72, 0.28, 7.71)
a: (-0.01, 0.01, 1.05)
g: (-0.00, 0.01, 1.00)
net: (-0.00, 0.01, 0.44)
world: (-0.00354, 0.01135, 0.44444)
time: 11.12
ori: (0.90, 1.02, 7.47)
a: (-0.02, 0.02, 0.99)
g: (-0.02, 0.02, 1.00)
net: (0.00, -0.00, -0.12)
world: (0.00391, -0.00393, -0.11689)
time: 11.22
ori: (1.00, 0.77, 7.55)
a: (-0.01, 0.02, 1.04)
g: (-0.01, 0.02, 1.00)
net: (-0.00, 0.01, 0.36)
world: (-0.00885, 0.01335, 0.36377)
time: 11.32
ori: (0.88, 0.88, 7.73)
a: (-0.02, 0.02, 1.01)
g: (-0.02, 0.02, 1.00)
net: (-0.00, 0.00, 0.07)
world: (-0.00196, 0.00225, 0.06873)
time: 11.42
ori: (1.40, 0.47, 7.62)
a: (-0.01, 0.02, 0.99)
g: (-0.01, 0.02, 1.00)
net: (0.00, -0.00, -0.11)
world: (0.00146, -0.00556, -0.11159)
time: 11.52
ori: (1.32, 0.49, 7.70)
a: (-0.01, 0.02, 1.02)
g: (-0.01, 0.02, 1.00)
net: (-0.00, 0.00, 0.21)
world: (-0.00296, 0.01011, 0.21414)
time: 11.62
ori: (1.32, 1.36, 7.87)
a: (-0.02, 0.02, 1.01)
g: (-0.02, 0.02, 1.00)
net: (-0.00, 0.00, 0.11)
world: (-0.00470, 0.00522, 0.10637)
time: 11.72
ori: (0.53, 0.99, 7.94)
a: (-0.02, 0.01, 1.02)
g: (-0.02, 0.01, 1.00)
net: (-0.00, 0.00, 0.17)
world: (-0.00560, 0.00350, 0.16825)
time: 11.82
ori: (0.99, 1.17, 7.91)
a: (-0.02, 0.02, 0.98)
g: (-0.02, 0.02, 1.00)
net: (0.00, -0.00, -0.18)
world: (0.00680, -0.00658, -0.17713)
time: 11.92
ori: (0.95, 1.58, 7.97)
a: (-0.03, 0.02, 1.04)
g: (-0.03, 0.02, 1.00)
net: (-0.01, 0.01, 0.39)
world: (-0.02045, 0.01431, 0.38711)
time: 12.03
ori: (0.84, 1.23, 7.97)
a: (-0.02, 0.01, 1.01)
g: (-0.02, 0.01, 1.00)
net: (-0.00, 0.00, 0.08)
world: (-0.00337, 0.00264, 0.08227)
time: 12.13
ori: (0.68, 357.82, 7.27)
a: (0.04, 0.01, 1.00)
g: (0.04, 0.01, 1.00)
net: (0.00, 0.00, 0.05)
world: (0.00384, 0.00093, 0.04957)
time: 12.23
ori: (9.25, 316.22, 1.86)
a: (1.26, 0.29, 1.28)
g: (0.69, 0.16, 0.71)
net: (5.60, 1.30, 5.61)
world: (7.95073, 1.12683, -0.03297)
time: 12.33
ori: (2.59, 300.62, 8.45)
a: (0.85, 0.04, 0.50)
g: (0.86, 0.05, 0.51)
net: (-0.10, -0.01, -0.07)
world: (-0.11051, 0.01125, 0.04592)
time: 12.43
ori: (353.06, 5.34, 16.00)
a: (-0.09, -0.12, 0.98)
g: (-0.09, -0.12, 0.99)
net: (0.01, 0.01, -0.07)
world: (0.01426, 0.01381, -0.06391)
time: 12.53
ori: (8.43, 42.74, 20.99)
a: (-1.67, 0.36, 1.77)
g: (-0.68, 0.15, 0.73)
net: (-9.70, 2.10, 10.21)
world: (-13.02914, 5.64466, 1.04839)
time: 12.63
ori: (7.62, 20.47, 22.86)
a: (-0.37, 0.14, 0.98)
g: (-0.35, 0.13, 0.93)
net: (-0.18, 0.07, 0.47)
world: (-0.29791, 0.18574, 0.37237)
time: 12.73
ori: (356.91, 2.45, 23.31)
a: (-0.04, -0.05, 0.99)
g: (-0.04, -0.05, 1.00)
net: (0.00, 0.00, -0.05)
world: (0.00534, 0.00445, -0.05129)
time: 12.83
ori: (358.73, 359.59, 23.18)
a: (0.01, -0.02, 0.97)
g: (0.01, -0.02, 1.00)
net: (-0.00, 0.01, -0.28)
world: (-0.00143, 0.01268, -0.27913)
time: 12.93
ori: (0.59, 1.97, 23.19)
a: (-0.04, 0.01, 1.06)
g: (-0.03, 0.01, 1.00)
net: (-0.02, 0.01, 0.64)
world: (-0.03950, 0.02131, 0.63567)
time: 13.03
ori: (359.34, 357.86, 23.00)
a: (0.04, -0.01, 0.99)
g: (0.04, -0.01, 1.00)
net: (-0.00, 0.00, -0.07)
world: (-0.00485, 0.00265, -0.07196)
time: 13.13
ori: (359.19, 358.28, 23.16)
a: (0.03, -0.01, 1.01)
g: (0.03, -0.01, 1.00)
net: (0.00, -0.00, 0.07)
world: (0.00339, -0.00255, 0.06516)
time: 13.23
ori: (359.41, 0.45, 23.40)
a: (-0.01, -0.01, 1.02)
g: (-0.01, -0.01, 1.00)
net: (-0.00, -0.00, 0.15)
world: (-0.00294, -0.00258, 0.15407)
time: 13.33
ori: (358.10, 1.09, 23.54)
a: (-0.02, -0.03, 1.04)
g: (-0.02, -0.03, 1.00)
net: (-0.01, -0.01, 0.41)
world: (-0.02020, -0.02267, 0.40509)
time: 13.43
ori: (359.36, 0.16, 23.47)
a: (-0.00, -0.01, 1.00)
g: (-0.00, -0.01, 1.00)
net: (-0.00, -0.00, 0.05)
world: (-0.00049, -0.00100, 0.04915)
time: 13.53
ori: (0.43, 357.92, 23.74)
a: (0.04, 0.01, 0.99)
g: (0.04, 0.01, 1.00)
net: (-0.00, -0.00, -0.08)
world: (-0.00550, 0.00003, -0.07577)
time: 13.63
ori: (6.10, 20.57, 25.70)
a: (-0.43, 0.13, 1.14)
g: (-0.35, 0.11, 0.93)
net: (-0.78, 0.24, 2.05)
world: (-1.28326, 0.72868, 1.64431)
time: 13.73
ori: (5.11, 49.13, 32.79)
a: (-1.37, 0.16, 1.17)
g: (-0.76, 0.09, 0.65)
net: (-5.99, 0.70, 5.10)
world: (-6.90107, 3.80413, -0.52181)
time: 13.83
ori: (1.71, 46.49, 37.03)
a: (-0.76, 0.03, 0.72)
g: (-0.73, 0.03, 0.69)
net: (-0.37, 0.02, 0.35)
world: (-0.45025, 0.23639, 0.02471)
time: 13.93
ori: (350.35, 311.05, 16.70)
a: (1.13, -0.25, 0.95)
g: (0.75, -0.17, 0.65)
net: (3.65, -0.81, 2.95)
world: (4.37033, -1.71307, -0.82178)
time: 14.03
ori: (3.42, 324.85, 11.75)
a: (0.89, 0.09, 1.27)
g: (0.58, 0.06, 0.82)
net: (3.12, 0.32, 4.41)
world: (5.08598, -0.21031, 1.82471)
time: 14.13
ori: (355.89, 4.30, 10.99)
a: (-0.07, -0.07, 0.94)
g: (-0.07, -0.07, 0.99)
net: (0.04, 0.04, -0.56)
world: (0.09053, 0.07089, -0.54848)
time: 14.23
ori: (357.19, 4.30, 11.23)
a: (-0.08, -0.05, 1.05)
g: (-0.07, -0.05, 1.00)
net: (-0.04, -0.03, 0.58)
world: (-0.09137, -0.04748, 0.57078)
time: 14.33
ori: (356.45, 7.72, 10.98)
a: (-0.14, -0.06, 1.01)
g: (-0.13, -0.06, 0.99)
net: (-0.02, -0.01, 0.16)
world: (-0.04499, -0.01545, 0.15619)
time: 14.43
ori: (356.20, 9.40, 10.90)
a: (-0.17, -0.07, 1.02)
g: (-0.16, -0.07, 0.98)
net: (-0.06, -0.02, 0.36)
world: (-0.12136, -0.03539, 0.34342)
time: 14.53
ori: (357.30, 6.58, 10.96)
a: (-0.12, -0.05, 1.01)
g: (-0.11, -0.05, 0.99)
net: (-0.02, -0.01, 0.13)
world: (-0.03186, -0.00955, 0.13168)
time: 14.63
ori: (356.18, 7.81, 10.87)
a: (-0.13, -0.07, 0.98)
g: (-0.14, -0.07, 0.99)
net: (0.01, 0.00, -0.07)
world: (0.02072, 0.00771, -0.07114)
time: 14.73
ori: (355.44, 7.70, 10.81)
a: (-0.14, -0.08, 1.01)
g: (-0.13, -0.08, 0.99)
net: (-0.03, -0.02, 0.21)
world: (-0.05799, -0.02697, 0.19859)
time: 14.83
ori: (356.28, 6.59, 10.84)
a: (-0.12, -0.07, 1.00)
g: (-0.11, -0.06, 0.99)
net: (-0.01, -0.01, 0.09)
world: (-0.02107, -0.00930, 0.08543)
time: 14.93
ori: (355.52, 8.85, 11.00)
a: (-0.16, -0.08, 1.00)
g: (-0.15, -0.08, 0.99)
net: (-0.02, -0.01, 0.12)
world: (-0.03796, -0.01457, 0.11290)
time: 15.03
ori: (356.24, 7.10, 10.99)
a: (-0.12, -0.07, 0.99)
g: (-0.12, -0.07, 0.99)
net: (-0.00, -0.00, 0.01)
world: (-0.00324, -0.00132, 0.01204)
time: 15.13
ori: (355.83, 7.74, 10.96)
a: (-0.14, -0.07, 1.00)
g: (-0.13, -0.07, 0.99)
net: (-0.02, -0.01, 0.12)
world: (-0.03288, -0.01365, 0.11268)
time: 15.23
ori: (355.40, 7.08, 10.93)
a: (-0.13, -0.08, 1.01)
g: (-0.12, -0.08, 0.99)
net: (-0.02, -0.02, 0.19)
world: (-0.04884, -0.02516, 0.18154)
time: 15.33
ori: (355.30, 7.85, 11.07)
a: (-0.14, -0.09, 1.02)
g: (-0.14, -0.08, 0.99)
net: (-0.05, -0.03, 0.36)
world: (-0.10319, -0.04828, 0.34573)
time: 15.43
ori: (355.47, 8.18, 11.15)
a: (-0.14, -0.08, 0.98)
g: (-0.14, -0.08, 0.99)
net: (0.01, 0.00, -0.04)
world: (0.01159, 0.00495, -0.03771)
time: 15.53
ori: (354.63, 7.93, 11.03)
a: (-0.14, -0.09, 0.97)
g: (-0.14, -0.09, 0.99)
net: (0.02, 0.01, -0.12)
world: (0.03380, 0.01816, -0.11138)
time: 15.63
ori: (355.64, 7.41, 10.97)
a: (-0.13, -0.08, 1.01)
g: (-0.13, -0.08, 0.99)
net: (-0.03, -0.02, 0.22)
world: (-0.05850, -0.02694, 0.20884)
time: 15.74
ori: (354.66, 8.19, 10.96)
a: (-0.15, -0.10, 1.03)
g: (-0.14, -0.09, 0.99)
net: (-0.06, -0.04, 0.41)
world: (-0.12452, -0.06412, 0.39558)
time: 15.84
ori: (354.36, 7.95, 10.97)
a: (-0.13, -0.10, 0.96)
g: (-0.14, -0.10, 0.99)
net: (0.04, 0.03, -0.28)
world: (0.08176, 0.04627, -0.26688)
time: 15.94
ori: (354.95, 7.69, 11.03)
a: (-0.14, -0.09, 1.01)
g: (-0.13, -0.09, 0.99)
net: (-0.04, -0.02, 0.27)
world: (-0.07676, -0.03990, 0.26100)
time: 16.04
ori: (351.36, 5.64, 11.13)
a: (-0.10, -0.15, 0.99)
g: (-0.10, -0.15, 0.98)
net: (-0.00, -0.00, 0.02)
world: (-0.00437, -0.00534, 0.01786)
time: 16.14
ori: (348.09, 6.51, 11.51)
a: (-0.11, -0.20, 0.96)
g: (-0.11, -0.21, 0.97)
net: (0.01, 0.03, -0.13)
world: (0.03353, 0.04775, -0.11583)
time: 16.24
ori: (347.09, 2.95, 11.95)
a: (-0.05, -0.23, 1.01)
g: (-0.05, -0.22, 0.97)
net: (-0.02, -0.08, 0.35)
world: (-0.05296, -0.15113, 0.32317)
time: 16.34
ori: (351.45, 358.44, 12.84)
a: (0.03, -0.15, 1.03)
g: (0.03, -0.15, 0.99)
net: (0.01, -0.05, 0.36)
world: (0.00741, -0.10742, 0.34602)
time: 16.44
ori: (359.37, 356.93, 13.63)
a: (0.05, -0.01, 1.02)
g: (0.05, -0.01, 1.00)
net: (0.01, -0.00, 0.17)
world: (0.01747, -0.00583, 0.16899)
time: 16.54
ori: (6.00, 0.41, 14.74)
a: (-0.01, 0.10, 0.94)
g: (-0.01, 0.10, 0.99)
net: (0.00, -0.06, -0.54)
world: (-0.00684, -0.11283, -0.53544)
time: 16.64
ori: (5.64, 359.70, 15.33)
a: (0.01, 0.10, 1.03)
g: (0.01, 0.10, 1.00)
net: (0.00, 0.03, 0.32)
world: (0.01166, 0.06107, 0.31428)
time: 16.74
ori: (8.69, 356.17, 15.15)
a: (0.06, 0.14, 0.91)
g: (0.07, 0.15, 0.99)
net: (-0.05, -0.11, -0.73)
world: (-0.12512, -0.20255, -0.69864)
time: 16.84
ori: (9.21, 0.20, 15.18)
a: (-0.00, 0.17, 1.05)
g: (-0.00, 0.16, 0.99)
net: (-0.00, 0.10, 0.59)
world: (0.02097, 0.18682, 0.56940)
time: 16.94
ori: (7.82, 359.89, 15.60)
a: (0.00, 0.14, 1.04)
g: (0.00, 0.14, 0.99)
net: (0.00, 0.07, 0.49)
world: (0.02022, 0.13200, 0.48138)
time: 17.04
ori: (5.85, 358.75, 15.70)
a: (0.02, 0.10, 0.99)
g: (0.02, 0.10, 0.99)
net: (-0.00, -0.01, -0.06)
world: (-0.00448, -0.01229, -0.06239)
time: 17.14
ori: (7.61, 358.26, 15.17)
a: (0.03, 0.13, 0.99)
g: (0.03, 0.13, 0.99)
net: (-0.00, -0.01, -0.04)
world: (-0.00420, -0.01117, -0.04314)
time: 17.24
ori: (11.96, 358.05, 14.38)
a: (0.04, 0.22, 1.03)
g: (0.03, 0.21, 0.98)
net: (0.02, 0.10, 0.46)
world: (0.05592, 0.18550, 0.43407)
time: 17.34
ori: (7.39, 357.69, 13.35)
a: (0.04, 0.13, 1.01)
g: (0.04, 0.13, 0.99)
net: (0.01, 0.03, 0.21)
world: (0.02284, 0.05079, 0.20237)
time: 17.44
ori: (4.12, 356.27, 13.12)
a: (0.07, 0.07, 1.01)
g: (0.07, 0.07, 1.00)
net: (0.01, 0.01, 0.14)
world: (0.02065, 0.01806, 0.14051)
time: 17.54
ori: (0.70, 356.52, 12.75)
a: (0.06, 0.01, 1.03)
g: (0.06, 0.01, 1.00)
net: (0.02, 0.00, 0.32)
world: (0.03984, 0.00343, 0.32295)
time: 17.64
ori: (356.72, 0.14, 12.37)
a: (-0.00, -0.06, 1.03)
g: (-0.00, -0.06, 1.00)
net: (-0.00, -0.02, 0.33)
world: (-0.00562, -0.03731, 0.32946)
time: 17.74
ori: (356.05, 357.37, 11.71)
a: (0.04, -0.07, 0.97)
g: (0.05, -0.07, 1.00)
net: (-0.01, 0.02, -0.22)
world: (-0.01703, 0.03225, -0.21916)
time: 17.84
ori: (354.57, 357.92, 10.76)
a: (0.04, -0.10, 1.02)
g: (0.04, -0.09, 0.99)
net: (0.01, -0.02, 0.24)
world: (0.01312, -0.04704, 0.23834)
time: 17.94
ori: (347.61, 4.71, 9.51)
a: (-0.09, -0.23, 1.05)
g: (-0.08, -0.21, 0.97)
net: (-0.07, -0.17, 0.77)
world: (-0.15529, -0.31658, 0.70880)
time: 18.04
ori: (353.48, 1.01, 8.93)
a: (-0.02, -0.12, 1.01)
g: (-0.02, -0.11, 0.99)
net: (-0.00, -0.02, 0.16)
world: (-0.00842, -0.03548, 0.15591)
time: 18.14
ori: (359.81, 0.54, 8.94)
a: (-0.01, -0.00, 1.08)
g: (-0.01, -0.00, 1.00)
net: (-0.01, -0.00, 0.74)
world: (-0.01438, -0.00369, 0.74344)
time: 18.24
ori: (1.20, 0.67, 9.29)
a: (-0.01, 0.02, 1.01)
g: (-0.01, 0.02, 1.00)
net: (-0.00, 0.00, 0.08)
world: (-0.00157, 0.00342, 0.07879)
time: 18.34
ori: (1.60, 2.50, 9.57)
a: (-0.04, 0.03, 0.99)
g: (-0.04, 0.03, 1.00)
net: (0.01, -0.00, -0.12)
world: (0.00948, -0.00723, -0.11514)
time: 18.44
ori: (0.00, 3.41, 9.52)
a: (-0.06, 0.00, 1.01)
g: (-0.06, 0.00, 1.00)
net: (-0.01, 0.00, 0.09)
world: (-0.01062, 0.00090, 0.08936)
time: 18.54
ori: (1.47, 359.91, 9.61)
a: (0.00, 0.03, 1.02)
g: (0.00, 0.03, 1.00)
net: (0.00, 0.01, 0.23)
world: (0.00164, 0.01148, 0.22577)
time: 18.64
ori: (0.37, 2.59, 9.84)
a: (-0.05, 0.01, 1.00)
g: (-0.05, 0.01, 1.00)
net: (-0.00, 0.00, 0.02)
world: (-0.00144, 0.00033, 0.01617)
time: 18.74
ori: (1.45, 1.98, 10.13)
a: (-0.04, 0.03, 1.02)
g: (-0.03, 0.03, 1.00)
net: (-0.01, 0.00, 0.17)
world: (-0.01058, 0.00933, 0.16483)
time: 18.84
ori: (1.64, 1.94, 10.12)
a: (-0.03, 0.03, 1.02)
g: (-0.03, 0.03, 1.00)
net: (-0.01, 0.01, 0.25)
world: (-0.01531, 0.01542, 0.24543)
time: 18.94
ori: (0.85, 1.34, 10.10)
a: (-0.02, 0.02, 1.03)
g: (-0.02, 0.01, 1.00)
net: (-0.01, 0.00, 0.32)
world: (-0.01411, 0.01081, 0.32076)
time: 19.04
ori: (0.84, 2.32, 10.24)
a: (-0.04, 0.01, 1.02)
g: (-0.04, 0.01, 1.00)
net: (-0.01, 0.00, 0.20)
world: (-0.01583, 0.00736, 0.20312)
time: 19.14
ori: (1.43, 0.83, 10.21)
a: (-0.01, 0.03, 1.02)
g: (-0.01, 0.02, 1.00)
net: (-0.00, 0.01, 0.20)
world: (-0.00485, 0.01043, 0.20022)
time: 19.24
ori: (2.42, 0.11, 9.94)
a: (-0.00, 0.04, 1.03)
g: (-0.00, 0.04, 1.00)
net: (-0.00, 0.01, 0.35)
world: (0.00119, 0.02919, 0.34556)
time: 19.34
ori: (344.30, 1.02, 11.02)
a: (-0.02, -0.27, 0.97)
g: (-0.02, -0.27, 0.96)
net: (-0.00, -0.02, 0.08)
world: (-0.00759, -0.04499, 0.07492)
time: 19.44
ori: (327.08, 350.96, 16.00)
a: (0.23, -0.80, 1.22)
g: (0.16, -0.54, 0.83)
net: (0.74, -2.56, 3.84)
world: (0.60918, -4.29430, 1.73424)
time: 19.54
ori: (323.21, 17.03, 19.00)
a: (-0.33, -0.68, 0.85)
g: (-0.29, -0.60, 0.77)
net: (-0.39, -0.81, 0.80)
world: (-0.84184, -0.85540, 0.08674)
time: 19.64
ori: (65.88, 356.31, 7.87)
a: (0.10, 1.46, 0.65)
g: (0.06, 0.91, 0.41)
net: (0.38, 5.39, 2.34)
world: (1.26218, 4.22286, -3.89715)
time: 19.74
ori: (44.98, 3.20, 7.14)
a: (-0.07, 0.93, 0.93)
g: (-0.06, 0.71, 0.71)
net: (-0.18, 2.23, 2.22)
world: (-0.02136, 3.15382, -0.01180)
time: 19.84
ori: (53.57, 358.50, 12.97)
a: (0.05, 1.44, 1.06)
g: (0.03, 0.80, 0.59)
net: (0.20, 6.20, 4.57)
world: (1.70750, 7.20693, -2.13827)
time: 19.94
ori: (347.07, 1.96, 16.51)
a: (-0.03, -0.19, 0.81)
g: (-0.03, -0.22, 0.97)
net: (0.05, 0.36, -1.56)
world: (0.20809, 0.66923, -1.44556)
time: 20.04
ori: (320.82, 2.47, 16.92)
a: (-0.07, -0.97, 1.18)
g: (-0.04, -0.63, 0.77)
net: (-0.22, -3.28, 4.02)
world: (-1.34182, -4.88634, 1.12923)
time: 20.14
ori: (333.51, 7.87, 13.43)
a: (-0.14, -0.44, 0.87)
g: (-0.14, -0.45, 0.89)
net: (0.02, 0.06, -0.14)
world: (0.04921, 0.10513, -0.09339)
time: 20.24
ori: (1.65, 351.46, 13.23)
a: (0.14, 0.03, 0.92)
g: (0.15, 0.03, 0.99)
net: (-0.10, -0.02, -0.64)
world: (-0.19028, -0.01378, -0.61355)
time: 20.34
ori: (1.16, 358.84, 13.30)
a: (0.02, 0.02, 1.08)
g: (0.02, 0.02, 1.00)
net: (0.02, 0.02, 0.79)
world: (0.03543, 0.02818, 0.79402)
time: 20.44
ori: (3.81, 1.42, 13.41)
a: (-0.03, 0.07, 1.02)
g: (-0.02, 0.07, 1.00)
net: (-0.01, 0.02, 0.23)
world: (-0.00772, 0.03143, 0.22781)
time: 20.54
ori: (0.79, 0.23, 13.68)
a: (-0.00, 0.01, 1.06)
g: (-0.00, 0.01, 1.00)
net: (-0.00, 0.01, 0.57)
world: (-0.00269, 0.01610, 0.57205)
time: 20.64
ori: (1.44, 2.93, 13.60)
a: (-0.05, 0.02, 0.94)
g: (-0.05, 0.03, 1.00)
net: (0.03, -0.02, -0.62)
world: (0.05842, -0.03801, -0.61343)
time: 20.74
ori: (1.50, 1.09, 13.37)
a: (-0.02, 0.03, 1.01)
g: (-0.02, 0.03, 1.00)
net: (-0.00, 0.00, 0.14)
world: (-0.00457, 0.00812, 0.14444)
time: 20.84
ori: (0.56, 2.22, 13.51)
a: (-0.04, 0.01, 1.01)
g: (-0.04, 0.01, 1.00)
net: (-0.01, 0.00, 0.15)
world: (-0.01135, 0.00432, 0.15240)
time: 20.94
ori: (0.58, 1.92, 13.31)
a: (-0.03, 0.01, 0.97)
g: (-0.03, 0.01, 1.00)
net: (0.01, -0.00, -0.30)
world: (0.01944, -0.00840, -0.30358)
time: 21.04
ori: (3.31, 2.91, 13.28)
a: (-0.05, 0.06, 1.00)
g: (-0.05, 0.06, 1.00)
net: (-0.00, 0.00, 0.04)
world: (-0.00366, 0.00528, 0.04172)
time: 21.14
ori: (1.91, 3.81, 12.69)
a: (-0.07, 0.03, 1.01)
g: (-0.07, 0.03, 1.00)
net: (-0.01, 0.00, 0.10)
world: (-0.01292, 0.00838, 0.10346)
time: 21.24
ori: (2.01, 1.62, 12.18)
a: (-0.03, 0.04, 1.06)
g: (-0.03, 0.04, 1.00)
net: (-0.02, 0.02, 0.55)
world: (-0.02689, 0.04183, 0.55316)
time: 21.34
ori: (1.54, 3.76, 12.12)
a: (-0.07, 0.03, 0.99)
g: (-0.07, 0.03, 1.00)
net: (0.00, -0.00, -0.04)
world: (0.00526, -0.00283, -0.04207)
time: 21.44
ori: (2.10, 2.83, 12.23)
a: (-0.05, 0.04, 1.00)
g: (-0.05, 0.04, 1.00)
net: (-0.00, 0.00, 0.01)
world: (-0.00081, 0.00075, 0.00895)
time: 21.54
ori: (3.46, 3.93, 12.61)
a: (-0.07, 0.06, 1.05)
g: (-0.07, 0.06, 1.00)
net: (-0.03, 0.03, 0.49)
world: (-0.05932, 0.06503, 0.47918)
time: 21.64
ori: (1.83, 5.39, 12.62)
a: (-0.10, 0.03, 1.01)
g: (-0.09, 0.03, 1.00)
net: (-0.02, 0.01, 0.16)
world: (-0.02864, 0.01340, 0.15799)
time: 21.74
ori: (3.26, 3.25, 12.42)
a: (-0.06, 0.06, 0.97)
g: (-0.06, 0.06, 1.00)
net: (0.01, -0.01, -0.25)
world: (0.02510, -0.03132, -0.24921)
time: 21.84
ori: (2.08, 6.85, 12.53)
a: (-0.12, 0.04, 1.03)
g: (-0.12, 0.04, 0.99)
net: (-0.04, 0.01, 0.34)
world: (-0.07834, 0.03350, 0.33564)
time: 21.94
ori: (1.32, 6.55, 12.71)
a: (-0.11, 0.02, 0.95)
g: (-0.11, 0.02, 0.99)
net: (0.05, -0.01, -0.40)
world: (0.08885, -0.02844, -0.39534)
time: 22.04
ori: (2.07, 5.67, 12.72)
a: (-0.10, 0.04, 1.03)
g: (-0.10, 0.04, 0.99)
net: (-0.04, 0.01, 0.38)
world: (-0.07077, 0.03506, 0.37152)
time: 22.14
ori: (2.55, 5.39, 12.38)
a: (-0.10, 0.05, 1.03)
g: (-0.09, 0.04, 0.99)
net: (-0.04, 0.02, 0.37)
world: (-0.06596, 0.04039, 0.36806)
time: 22.24
ori: (2.59, 4.96, 12.23)
a: (-0.08, 0.04, 0.95)
g: (-0.09, 0.05, 1.00)
net: (0.04, -0.02, -0.42)
world: (0.06850, -0.04554, -0.41861)
time: 22.34
ori: (2.01, 6.00, 12.25)
a: (-0.11, 0.04, 1.05)
g: (-0.10, 0.04, 0.99)
net: (-0.06, 0.02, 0.54)
world: (-0.10814, 0.04959, 0.53310)
time: 22.44
ori: (2.92, 6.70, 12.12)
a: (-0.12, 0.05, 0.98)
g: (-0.12, 0.05, 0.99)
net: (0.01, -0.00, -0.09)
world: (0.02066, -0.01172, -0.09163)
time: 22.54
ori: (2.12, 6.21, 12.01)
a: (-0.11, 0.04, 0.97)
g: (-0.11, 0.04, 0.99)
net: (0.02, -0.01, -0.22)
world: (0.04504, -0.02085, -0.21417)
time: 22.64
ori: (1.85, 6.42, 12.05)
a: (-0.11, 0.03, 1.02)
g: (-0.11, 0.03, 0.99)
net: (-0.03, 0.01, 0.22)
world: (-0.04802, 0.01945, 0.21948)
time: 22.74
ori: (2.29, 6.80, 12.27)
a: (-0.12, 0.04, 1.00)
g: (-0.12, 0.04, 0.99)
net: (-0.01, 0.00, 0.10)
world: (-0.02203, 0.01013, 0.09535)
time: 22.84
ori: (1.65, 7.02, 12.14)
a: (-0.13, 0.03, 1.03)
g: (-0.12, 0.03, 0.99)
net: (-0.04, 0.01, 0.33)
world: (-0.07696, 0.02694, 0.31897)
time: 22.94
ori: (3.41, 5.23, 12.37)
a: (-0.09, 0.06, 1.00)
g: (-0.09, 0.06, 0.99)
net: (-0.00, 0.00, 0.05)
world: (-0.00864, 0.00705, 0.05060)
time: 23.04
ori: (2.70, 8.95, 12.33)
a: (-0.16, 0.05, 0.99)
g: (-0.16, 0.05, 0.99)
net: (-0.01, 0.00, 0.05)
world: (-0.01363, 0.00577, 0.04389)
time: 23.14
ori: (3.47, 8.19, 12.20)
a: (-0.14, 0.06, 0.99)
g: (-0.14, 0.06, 0.99)
net: (-0.00, 0.00, 0.02)
world: (-0.00486, 0.00270, 0.01725)
time: 23.25
ori: (1.93, 7.64, 11.95)
a: (-0.14, 0.04, 1.03)
g: (-0.13, 0.03, 0.99)
net: (-0.05, 0.01, 0.41)
world: (-0.10492, 0.03838, 0.39792)
time: 23.35
ori: (2.91, 6.40, 11.94)
a: (-0.11, 0.05, 0.99)
g: (-0.11, 0.05, 0.99)
net: (-0.00, 0.00, 0.01)
world: (-0.00279, 0.00164, 0.01292)
time: 23.45
ori: (4.29, 7.50, 12.03)
a: (-0.13, 0.08, 0.99)
g: (-0.13, 0.07, 0.99)
net: (-0.01, 0.00, 0.05)
world: (-0.01263, 0.00908, 0.05005)
time: 23.55
ori: (3.41, 7.72, 12.23)
a: (-0.13, 0.06, 0.99)
g: (-0.13, 0.06, 0.99)
net: (0.00, -0.00, -0.02)
world: (0.00581, -0.00333, -0.02234)
time: 23.65
ori: (3.48, 8.77, 12.52)
a: (-0.16, 0.06, 1.00)
g: (-0.15, 0.06, 0.99)
net: (-0.03, 0.01, 0.17)
world: (-0.04987, 0.02631, 0.16576)
time: 23.75
ori: (4.41, 9.15, 12.62)
a: (-0.16, 0.08, 1.00)
g: (-0.16, 0.08, 0.98)
net: (-0.02, 0.01, 0.11)
world: (-0.03141, 0.01956, 0.10016)
time: 23.85
ori: (2.82, 10.34, 12.70)
a: (-0.19, 0.05, 1.02)
g: (-0.18, 0.05, 0.98)
net: (-0.08, 0.02, 0.41)
world: (-0.14248, 0.05629, 0.39263)
time: 23.95
ori: (3.15, 8.84, 12.34)
a: (-0.15, 0.05, 0.98)
g: (-0.15, 0.05, 0.99)
net: (0.02, -0.01, -0.10)
world: (0.03055, -0.01470, -0.10054)
time: 24.05
ori: (3.11, 8.36, 12.33)
a: (-0.14, 0.05, 0.97)
g: (-0.15, 0.05, 0.99)
net: (0.03, -0.01, -0.20)
world: (0.05568, -0.02772, -0.19467)
