time: 0.00
a: (-0.00, 0.00, 0.00)
net: (-0.06, -0.25, -9.80)
time: 0.10
a: (-0.00, 0.00, 0.00)
net: (-0.05, -0.25, -9.79)
time: 0.20
a: (0.00, -0.00, 0.00)
net: (-0.05, -0.25, -9.80)
time: 0.30
a: (-0.00, -0.00, -0.00)
net: (-0.06, -0.25, -9.81)
time: 0.40
a: (0.00, 0.00, 0.00)
net: (-0.05, -0.25, -9.80)
time: 0.50
a: (-0.00, 0.00, 0.00)
net: (-0.06, -0.25, -9.80)
time: 0.60
a: (0.00, 0.00, 0.00)
net: (-0.05, -0.25, -9.79)
time: 0.70
a: (-0.00, 0.00, 0.00)
net: (-0.06, -0.25, -9.80)
time: 0.80
a: (0.00, 0.00, 0.00)
net: (-0.05, -0.25, -9.80)
time: 0.90
a: (-0.00, -0.00, 0.00)
net: (-0.05, -0.25, -9.80)
time: 1.01
a: (-0.00, 0.00, 0.00)
net: (-0.06, -0.25, -9.80)
time: 1.11
a: (0.00, 0.00, 0.00)
net: (-0.05, -0.25, -9.80)
time: 1.21
a: (0.00, 0.00, 0.00)
net: (-0.05, -0.25, -9.80)
time: 1.31
a: (0.00, 0.00, 0.00)
net: (-0.05, -0.25, -9.79)
time: 1.41
a: (0.00, -0.01, 0.00)
net: (-0.05, -0.25, -9.80)
time: 1.51
a: (0.00, 0.00, 0.00)
net: (-0.05, -0.25, -9.80)
time: 1.61
a: (0.00, -0.00, 0.00)
net: (-0.05, -0.25, -9.80)
time: 1.71
a: (-0.00, 0.00, 0.00)
net: (-0.05, -0.25, -9.79)
time: 1.81
a: (0.00, 0.00, 0.00)
net: (-0.05, -0.25, -9.80)
time: 1.91
a: (0.00, -0.00, 0.00)
net: (-0.05, -0.25, -9.80)
time: 2.01
a: (0.00, 0.00, -0.00)
net: (-0.05, -0.25, -9.82)
time: 2.11
a: (0.00, -0.01, 0.01)
net: (-0.05, -0.25, -9.72)
time: 2.21
a: (-0.01, -0.01, 0.00)
net: (-0.06, -0.25, -9.79)
time: 2.31
a: (0.01, -0.02, 0.00)
net: (-0.05, -0.25, -9.80)
time: 2.41
a: (0.03, -0.00, 0.00)
net: (-0.05, -0.25, -9.77)
time: 2.51
a: (0.02, -0.01, 0.00)
net: (-0.05, -0.25, -9.78)
time: 2.61
a: (0.03, 0.01, -0.01)
net: (-0.05, -0.25, -9.90)
time: 2.71
a: (0.05, 0.01, 0.00)
net: (-0.05, -0.24, -9.76)
time: 2.81
a: (0.02, -0.02, -0.01)
net: (-0.05, -0.25, -9.86)
time: 2.91
a: (0.00, -0.01, 0.00)
net: (-0.05, -0.25, -9.76)
time: 3.01
a: (0.00, 0.01, 0.00)
net: (-0.05, -0.24, -9.77)
time: 3.11
a: (-0.02, -0.01, -0.00)
net: (-0.06, -0.25, -9.82)
time: 3.21
a: (-0.02, -0.01, 0.02)
net: (-0.06, -0.24, -9.64)
time: 3.31
a: (-0.04, -0.02, 0.01)
net: (-0.07, -0.25, -9.68)
time: 3.41
a: (-0.05, -0.00, -0.00)
net: (-0.06, -0.25, -9.80)
time: 3.51
a: (-0.04, -0.01, -0.00)
net: (-0.06, -0.25, -9.85)
time: 3.61
a: (-0.02, -0.01, -0.01)
net: (-0.06, -0.25, -9.88)
time: 3.71
a: (-0.01, -0.01, 0.00)
net: (-0.06, -0.25, -9.80)
time: 3.81
a: (-0.02, -0.01, 0.00)
net: (-0.06, -0.25, -9.79)
time: 3.91
a: (-0.03, -0.02, -0.01)
net: (-0.06, -0.25, -9.86)
time: 4.01
a: (-0.02, -0.02, -0.00)
net: (-0.06, -0.25, -9.85)
time: 4.11
a: (0.00, -0.02, 0.00)
net: (-0.05, -0.25, -9.81)
time: 4.21
a: (-0.01, -0.01, 0.00)
net: (-0.06, -0.25, -9.78)
time: 4.31
a: (-0.03, -0.03, -0.00)
net: (-0.06, -0.25, -9.81)
time: 4.41
a: (-0.02, -0.02, 0.00)
net: (-0.06, -0.25, -9.79)
time: 4.51
a: (-0.00, -0.02, 0.01)
net: (-0.05, -0.25, -9.74)
time: 4.61
a: (-0.01, -0.03, -0.00)
net: (-0.06, -0.25, -9.83)
time: 4.71
a: (-0.00, -0.03, -0.00)
net: (-0.06, -0.25, -9.81)
time: 4.81
a: (-0.00, -0.02, 0.00)
net: (-0.06, -0.25, -9.79)
time: 4.91
a: (0.00, -0.03, -0.00)
net: (-0.06, -0.25, -9.86)
time: 5.01
a: (0.01, -0.04, -0.00)
net: (-0.05, -0.25, -9.85)
time: 5.11
a: (-0.01, -0.03, 0.00)
net: (-0.06, -0.25, -9.79)
time: 5.21
a: (0.00, -0.03, -0.00)
net: (-0.06, -0.25, -9.84)
time: 5.32
a: (0.02, -0.03, 0.01)
net: (-0.05, -0.25, -9.67)
time: 5.42
a: (-0.01, -0.02, -0.00)
net: (-0.06, -0.25, -9.81)
time: 5.52
a: (-0.03, -0.02, 0.00)
net: (-0.06, -0.25, -9.77)
time: 5.62
a: (0.01, -0.04, -0.01)
net: (-0.06, -0.25, -9.95)
time: 5.72
a: (0.00, -0.03, -0.01)
net: (-0.06, -0.25, -9.89)
time: 5.82
a: (-0.02, -0.03, 0.01)
net: (-0.06, -0.25, -9.69)
time: 5.92
a: (-0.02, -0.03, -0.01)
net: (-0.06, -0.25, -9.87)
time: 6.02
a: (0.02, -0.01, 0.01)
net: (-0.05, -0.25, -9.74)
time: 6.12
a: (0.01, -0.04, -0.00)
net: (-0.05, -0.25, -9.83)
time: 6.21
a: (-0.03, -0.04, -0.00)
net: (-0.06, -0.25, -9.82)
time: 6.31
a: (-0.03, -0.01, -0.00)
net: (-0.06, -0.25, -9.81)
time: 6.41
a: (-0.01, -0.02, -0.00)
net: (-0.06, -0.25, -9.81)
time: 6.51
a: (0.02, 0.00, 0.01)
net: (-0.05, -0.24, -9.73)
time: 6.61
a: (-0.05, -0.02, -0.00)
net: (-0.06, -0.25, -9.82)
time: 6.71
a: (-0.03, -0.01, 0.00)
net: (-0.06, -0.25, -9.79)
time: 6.81
a: (-0.03, -0.01, 0.00)
net: (-0.06, -0.25, -9.80)
time: 6.91
a: (-0.00, -0.01, 0.00)
net: (-0.06, -0.25, -9.79)
time: 7.01
a: (-0.00, -0.01, -0.00)
net: (-0.06, -0.25, -9.81)
time: 7.11
a: (-0.00, -0.01, 0.00)
net: (-0.06, -0.25, -9.81)
time: 7.21
a: (-0.00, -0.01, -0.00)
net: (-0.06, -0.25, -9.82)
time: 7.32
a: (-0.00, -0.01, -0.00)
net: (-0.06, -0.25, -9.82)
time: 7.42
a: (-0.00, -0.01, -0.00)
net: (-0.06, -0.25, -9.81)
time: 7.52
a: (-0.00, -0.01, 0.00)
net: (-0.06, -0.25, -9.80)
time: 7.62
a: (-0.00, -0.01, 0.00)
net: (-0.06, -0.25, -9.81)
time: 7.72
a: (-0.00, -0.01, 0.00)
net: (-0.05, -0.25, -9.80)
time: 7.82
a: (-0.00, -0.01, 0.00)
net: (-0.06, -0.25, -9.80)
time: 7.92
a: (-0.00, -0.01, 0.00)
net: (-0.06, -0.25, -9.81)
time: 8.02
a: (-0.00, -0.01, 0.00)
net: (-0.06, -0.25, -9.80)
time: 8.12
a: (-0.00, -0.01, 0.00)
net: (-0.06, -0.25, -9.81)
time: 8.22
a: (-0.00, -0.01, 0.00)
net: (-0.06, -0.25, -9.80)
time: 8.32
a: (-0.00, -0.01, 0.00)
net: (-0.06, -0.25, -9.80)
time: 8.42
a: (-0.00, -0.01, 0.00)
net: (-0.06, -0.25, -9.80)
time: 8.52
a: (-0.00, -0.01, 0.00)
net: (-0.06, -0.25, -9.80)
time: 8.62
a: (-0.00, -0.01, 0.00)
net: (-0.06, -0.25, -9.81)
time: 8.72
a: (-0.00, -0.01, 0.00)
net: (-0.06, -0.25, -9.79)
time: 8.82
a: (-0.00, -0.01, 0.00)
net: (-0.06, -0.25, -9.80)
time: 8.92
a: (-0.00, -0.01, -0.00)
net: (-0.06, -0.25, -9.81)
time: 9.02
a: (-0.00, -0.01, 0.00)
net: (-0.05, -0.25, -9.79)
time: 9.12
a: (0.00, -0.01, 0.00)
net: (-0.05, -0.25, -9.80)
time: 9.22
a: (-0.00, -0.01, 0.00)
net: (-0.05, -0.25, -9.79)
time: 9.32
a: (-0.00, -0.01, 0.00)
net: (-0.05, -0.25, -9.80)
