time: 0.00
ori: (3.28, 359.77, 0.01)
a: (0.00, 0.06, 1.01)
g: (0.00, 0.06, 1.00)
net: (0.00, 0.01, 0.12)
world: (0.00102, 0.01418, 0.12331)
time: 0.10
ori: (3.37, 359.71, 0.00)
a: (0.01, 0.06, 1.01)
g: (0.01, 0.06, 1.00)
net: (0.00, 0.01, 0.12)
world: (0.00122, 0.01412, 0.11945)
time: 0.20
ori: (3.38, 359.75, 0.01)
a: (0.00, 0.06, 1.01)
g: (0.00, 0.06, 1.00)
net: (0.00, 0.01, 0.12)
world: (0.00103, 0.01412, 0.11896)
time: 0.30
ori: (3.38, 359.77, 0.00)
a: (0.00, 0.06, 1.01)
g: (0.00, 0.06, 1.00)
net: (0.00, 0.01, 0.12)
world: (0.00096, 0.01417, 0.11950)
time: 0.40
ori: (3.31, 359.74, 359.98)
a: (0.00, 0.06, 1.01)
g: (0.00, 0.06, 1.00)
net: (0.00, 0.01, 0.12)
world: (0.00105, 0.01358, 0.11705)
time: 0.50
ori: (3.35, 359.74, 359.99)
a: (0.00, 0.06, 1.01)
g: (0.00, 0.06, 1.00)
net: (0.00, 0.01, 0.12)
world: (0.00111, 0.01449, 0.12338)
time: 0.60
ori: (3.38, 359.70, 359.99)
a: (0.01, 0.06, 1.01)
g: (0.01, 0.06, 1.00)
net: (0.00, 0.01, 0.12)
world: (0.00126, 0.01438, 0.12134)
time: 0.70
ori: (3.42, 359.66, 359.99)
a: (0.01, 0.06, 1.01)
g: (0.01, 0.06, 1.00)
net: (0.00, 0.01, 0.13)
world: (0.00154, 0.01539, 0.12831)
time: 0.80
ori: (3.43, 359.69, 359.99)
a: (0.01, 0.06, 1.01)
g: (0.01, 0.06, 1.00)
net: (0.00, 0.01, 0.14)
world: (0.00145, 0.01615, 0.13431)
time: 0.90
ori: (4.31, 359.58, 359.98)
a: (0.01, 0.08, 1.01)
g: (0.01, 0.08, 1.00)
net: (0.00, 0.01, 0.14)
world: (0.00211, 0.02159, 0.14236)
time: 1.00
ori: (20.54, 0.45, 0.13)
a: (-0.01, 0.37, 0.99)
g: (-0.01, 0.35, 0.94)
net: (-0.00, 0.21, 0.57)
world: (-0.00875, 0.40102, 0.46009)
time: 1.10
ori: (34.76, 357.71, 1.48)
a: (0.04, 0.64, 0.92)
g: (0.04, 0.57, 0.82)
net: (0.05, 0.69, 1.00)
world: (0.10637, 1.13559, 0.42076)
time: 1.20
ori: (352.58, 350.07, 355.98)
a: (0.19, -0.14, 1.06)
g: (0.17, -0.13, 0.98)
net: (0.14, -0.11, 0.80)
world: (0.28554, -0.19437, 0.74615)
time: 1.31
ori: (333.99, 1.86, 353.93)
a: (-0.04, -0.51, 1.05)
g: (-0.03, -0.44, 0.90)
net: (-0.06, -0.75, 1.54)
world: (-0.02561, -1.34873, 1.05005)
time: 1.41
ori: (1.21, 0.51, 354.25)
a: (-0.01, 0.02, 1.01)
g: (-0.01, 0.02, 1.00)
net: (-0.00, 0.00, 0.13)
world: (-0.00261, 0.00540, 0.13120)
time: 1.51
ori: (3.39, 359.74, 354.34)
a: (0.00, 0.06, 1.01)
g: (0.00, 0.06, 1.00)
net: (0.00, 0.01, 0.11)
world: (0.00036, 0.01306, 0.10954)
time: 1.61
ori: (3.38, 359.75, 354.35)
a: (0.00, 0.06, 1.01)
g: (0.00, 0.06, 1.00)
net: (0.00, 0.01, 0.12)
world: (0.00033, 0.01377, 0.11596)
time: 1.71
ori: (3.42, 359.82, 354.35)
a: (0.00, 0.06, 1.01)
g: (0.00, 0.06, 1.00)
net: (0.00, 0.01, 0.10)
world: (0.00005, 0.01233, 0.10264)
time: 1.81
ori: (3.41, 359.78, 354.34)
a: (0.00, 0.06, 1.01)
g: (0.00, 0.06, 1.00)
net: (0.00, 0.01, 0.11)
world: (0.00019, 0.01357, 0.11327)
time: 1.91
ori: (353.13, 358.25, 353.37)
a: (0.03, -0.12, 1.03)
g: (0.03, -0.12, 0.99)
net: (0.01, -0.04, 0.37)
world: (0.02739, -0.08570, 0.35693)
time: 2.01
ori: (325.21, 355.89, 349.06)
a: (0.09, -0.71, 1.03)
g: (0.07, -0.57, 0.82)
net: (0.18, -1.42, 2.02)
world: (0.58725, -2.24526, 0.85490)
time: 2.11
ori: (17.45, 1.47, 357.10)
a: (-0.03, 0.31, 0.97)
g: (-0.03, 0.30, 0.95)
net: (-0.00, 0.05, 0.17)
world: (-0.01133, 0.09911, 0.14229)
time: 2.21
ori: (42.01, 359.62, 359.75)
a: (0.01, 0.86, 0.96)
g: (0.01, 0.67, 0.74)
net: (0.02, 1.90, 2.11)
world: (0.02461, 2.82604, 0.29594)
time: 2.31
ori: (2.36, 359.19, 359.60)
a: (0.01, 0.04, 1.00)
g: (0.01, 0.04, 1.00)
net: (0.00, 0.00, 0.03)
world: (0.00082, 0.00244, 0.02955)
time: 2.41
ori: (3.19, 0.64, 0.70)
a: (-0.01, 0.06, 1.01)
g: (-0.01, 0.06, 1.00)
net: (-0.00, 0.00, 0.08)
world: (-0.00183, 0.00944, 0.08427)
time: 2.51
ori: (3.76, 2.68, 3.40)
a: (-0.05, 0.07, 0.99)
g: (-0.05, 0.07, 1.00)
net: (0.00, -0.00, -0.04)
world: (0.00342, -0.00511, -0.03786)
time: 2.61
ori: (1.25, 0.98, 17.20)
a: (-0.02, 0.02, 1.02)
g: (-0.02, 0.02, 1.00)
net: (-0.00, 0.00, 0.15)
world: (-0.00410, 0.00722, 0.15148)
time: 2.71
ori: (1.65, 359.87, 35.20)
a: (0.00, 0.03, 1.04)
g: (0.00, 0.03, 1.00)
net: (0.00, 0.01, 0.42)
world: (0.00882, 0.02155, 0.42334)
time: 2.81
ori: (356.63, 1.79, 53.07)
a: (-0.03, -0.06, 1.02)
g: (-0.03, -0.06, 1.00)
net: (-0.01, -0.01, 0.23)
world: (-0.02271, -0.01614, 0.23259)
time: 2.91
ori: (7.66, 359.04, 68.87)
a: (0.02, 0.14, 1.02)
g: (0.02, 0.13, 0.99)
net: (0.00, 0.03, 0.24)
world: (0.03630, 0.04050, 0.24084)
time: 3.01
ori: (359.63, 359.83, 78.16)
a: (0.00, -0.01, 1.03)
g: (0.00, -0.01, 1.00)
net: (0.00, -0.00, 0.26)
world: (-0.00075, -0.00286, 0.26489)
time: 3.11
ori: (3.67, 353.62, 83.99)
a: (0.11, 0.07, 1.02)
g: (0.11, 0.06, 0.99)
net: (0.03, 0.02, 0.24)
world: (0.04424, -0.00987, 0.23468)
time: 3.21
ori: (3.26, 359.43, 87.18)
a: (0.01, 0.06, 1.03)
g: (0.01, 0.06, 1.00)
net: (0.00, 0.02, 0.33)
world: (0.02233, 0.01645, 0.33126)
time: 3.31
ori: (4.20, 359.99, 91.11)
a: (0.00, 0.07, 1.01)
g: (0.00, 0.07, 1.00)
net: (0.00, 0.01, 0.11)
world: (0.00837, 0.00815, 0.11347)
time: 3.41
ori: (4.36, 357.20, 91.97)
a: (0.05, 0.08, 1.01)
g: (0.05, 0.08, 1.00)
net: (0.01, 0.01, 0.15)
world: (0.01799, 0.00352, 0.14540)
time: 3.51
ori: (3.96, 359.40, 91.83)
a: (0.01, 0.07, 1.01)
g: (0.01, 0.07, 1.00)
net: (0.00, 0.01, 0.14)
world: (0.01111, 0.00789, 0.13977)
time: 3.61
ori: (3.35, 344.78, 88.42)
a: (0.27, 0.06, 0.99)
g: (0.26, 0.06, 0.96)
net: (0.08, 0.02, 0.30)
world: (0.09989, -0.06573, 0.29227)
time: 3.71
ori: (13.11, 325.87, 90.05)
a: (0.71, 0.29, 1.01)
g: (0.56, 0.23, 0.81)
net: (1.48, 0.60, 2.01)
world: (1.62195, -1.14602, 1.62799)
time: 3.81
ori: (352.83, 347.62, 89.40)
a: (0.22, -0.13, 1.01)
g: (0.21, -0.12, 0.97)
net: (0.09, -0.05, 0.41)
world: (0.03720, -0.14440, 0.40140)
time: 3.91
ori: (1.46, 39.90, 85.16)
a: (-0.82, 0.03, 0.98)
g: (-0.64, 0.03, 0.77)
net: (-1.74, 0.07, 2.08)
world: (-1.39353, 1.77947, 1.50014)
time: 4.01
ori: (3.73, 10.22, 86.67)
a: (-0.18, 0.07, 1.02)
g: (-0.18, 0.07, 0.98)
net: (-0.06, 0.02, 0.34)
world: (-0.04122, 0.08375, 0.32976)
time: 4.11
ori: (2.95, 359.81, 86.74)
a: (0.00, 0.05, 1.01)
g: (0.00, 0.05, 1.00)
net: (0.00, 0.01, 0.11)
world: (0.00628, 0.00583, 0.11407)
time: 4.21
ori: (3.82, 359.71, 86.76)
a: (0.01, 0.07, 1.01)
g: (0.01, 0.07, 1.00)
net: (0.00, 0.01, 0.12)
world: (0.00838, 0.00761, 0.11621)
time: 4.31
ori: (1.06, 2.99, 86.48)
a: (-0.05, 0.02, 1.01)
g: (-0.05, 0.02, 1.00)
net: (-0.00, 0.00, 0.07)
world: (-0.00264, 0.00513, 0.07123)
time: 4.41
ori: (358.27, 22.77, 86.08)
a: (-0.41, -0.03, 0.98)
g: (-0.39, -0.03, 0.92)
net: (-0.24, -0.02, 0.58)
world: (-0.25619, 0.22518, 0.52580)
time: 4.51
ori: (4.65, 23.18, 92.82)
a: (-0.41, 0.09, 0.96)
g: (-0.39, 0.08, 0.92)
net: (-0.19, 0.04, 0.43)
world: (-0.12462, 0.21675, 0.39525)
time: 4.62
ori: (2.35, 4.42, 100.02)
a: (-0.08, 0.04, 1.02)
g: (-0.08, 0.04, 1.00)
net: (-0.02, 0.01, 0.20)
world: (-0.00474, 0.02245, 0.20340)
time: 4.72
ori: (357.16, 321.28, 106.57)
a: (0.81, -0.06, 1.01)
g: (0.63, -0.05, 0.78)
net: (1.82, -0.14, 2.27)
world: (0.90293, -1.81386, 2.09220)
time: 4.82
ori: (358.00, 347.10, 103.20)
a: (0.23, -0.04, 1.02)
g: (0.22, -0.03, 0.97)
net: (0.10, -0.02, 0.45)
world: (0.06217, -0.11241, 0.44403)
time: 4.92
ori: (2.40, 4.42, 101.92)
a: (-0.08, 0.04, 1.01)
g: (-0.08, 0.04, 1.00)
net: (-0.01, 0.01, 0.15)
world: (-0.00300, 0.01625, 0.14880)
time: 5.02
ori: (4.21, 0.38, 101.81)
a: (-0.01, 0.07, 1.01)
g: (-0.01, 0.07, 1.00)
net: (-0.00, 0.01, 0.11)
world: (0.00722, 0.00701, 0.10794)
time: 5.12
ori: (3.46, 359.85, 101.75)
a: (0.00, 0.06, 1.01)
g: (0.00, 0.06, 1.00)
net: (0.00, 0.01, 0.12)
world: (0.00759, 0.00564, 0.12375)
time: 5.22
ori: (3.34, 359.92, 101.75)
a: (0.00, 0.06, 1.01)
g: (0.00, 0.06, 1.00)
net: (0.00, 0.01, 0.12)
world: (0.00694, 0.00538, 0.11897)
time: 5.32
ori: (3.41, 359.90, 101.75)
a: (0.00, 0.06, 1.01)
g: (0.00, 0.06, 1.00)
net: (0.00, 0.01, 0.12)
world: (0.00698, 0.00534, 0.11668)
time: 5.42
ori: (3.42, 359.82, 101.76)
a: (0.00, 0.06, 1.01)
g: (0.00, 0.06, 1.00)
net: (0.00, 0.01, 0.12)
world: (0.00716, 0.00520, 0.11735)
time: 5.52
ori: (3.42, 359.84, 101.76)
a: (0.00, 0.06, 1.01)
g: (0.00, 0.06, 1.00)
net: (0.00, 0.01, 0.13)
world: (0.00786, 0.00579, 0.12933)
time: 5.62
ori: (3.42, 359.85, 101.77)
a: (0.00, 0.06, 1.01)
g: (0.00, 0.06, 1.00)
net: (0.00, 0.01, 0.12)
world: (0.00749, 0.00554, 0.12336)
time: 5.72
ori: (3.32, 359.94, 101.77)
a: (0.00, 0.06, 1.01)
g: (0.00, 0.06, 1.00)
net: (0.00, 0.01, 0.12)
world: (0.00677, 0.00529, 0.11750)
time: 5.82
ori: (2.95, 359.98, 101.79)
a: (0.00, 0.05, 1.01)
g: (0.00, 0.05, 1.00)
net: (0.00, 0.01, 0.11)
world: (0.00561, 0.00449, 0.11052)
time: 5.92
ori: (3.77, 1.71, 99.43)
a: (-0.03, 0.07, 1.02)
g: (-0.03, 0.07, 1.00)
net: (-0.01, 0.01, 0.18)
world: (0.00731, 0.01542, 0.18213)
time: 6.02
ori: (3.56, 351.29, 87.82)
a: (0.17, 0.07, 1.11)
g: (0.15, 0.06, 0.99)
net: (0.18, 0.07, 1.18)
world: (0.25978, -0.10674, 1.16681)
time: 6.12
ori: (353.05, 12.81, 79.80)
a: (-0.26, -0.14, 1.14)
g: (-0.22, -0.12, 0.97)
net: (-0.39, -0.21, 1.70)
world: (-0.64921, 0.15098, 1.62673)
time: 6.22
ori: (12.18, 5.69, 49.50)
a: (-0.08, 0.18, 0.81)
g: (-0.10, 0.21, 0.97)
net: (0.16, -0.34, -1.55)
world: (0.00169, -0.65916, -1.45158)
time: 6.32
ori: (334.38, 16.26, 22.56)
a: (-0.34, -0.52, 1.03)
g: (-0.28, -0.43, 0.87)
net: (-0.56, -0.87, 1.64)
world: (-1.28200, -1.10934, 0.95308)
time: 6.42
ori: (346.64, 10.20, 20.69)
a: (-0.17, -0.22, 0.90)
g: (-0.18, -0.23, 0.96)
net: (0.10, 0.12, -0.52)
world: (0.22327, 0.19364, -0.45827)
time: 6.52
ori: (350.77, 6.90, 20.25)
a: (-0.12, -0.16, 1.00)
g: (-0.12, -0.16, 0.98)
net: (-0.02, -0.03, 0.17)
world: (-0.05093, -0.04650, 0.16406)
time: 6.62
ori: (348.59, 358.96, 19.11)
a: (0.02, -0.21, 1.06)
g: (0.02, -0.20, 0.98)
net: (0.01, -0.16, 0.79)
world: (-0.02402, -0.30874, 0.74417)
time: 6.72
ori: (351.45, 354.47, 19.35)
a: (0.10, -0.15, 1.02)
g: (0.10, -0.15, 0.98)
net: (0.04, -0.06, 0.39)
world: (0.05410, -0.12528, 0.37268)
time: 6.82
ori: (355.87, 331.87, 18.72)
a: (0.68, -0.10, 1.28)
g: (0.47, -0.07, 0.88)
net: (2.09, -0.32, 3.88)
world: (3.48128, -1.15146, 2.46257)
time: 6.92
ori: (357.34, 332.08, 14.92)
a: (0.60, -0.06, 1.14)
g: (0.47, -0.05, 0.88)
net: (1.32, -0.13, 2.48)
world: (2.25839, -0.54049, 1.58954)
time: 7.02
ori: (344.63, 39.48, 0.74)
a: (-0.57, -0.24, 0.65)
g: (-0.64, -0.27, 0.74)
net: (0.62, 0.26, -0.90)
world: (1.05821, 0.32193, -0.21940)
time: 7.12
ori: (4.82, 29.70, 354.41)
a: (-0.66, 0.11, 1.15)
g: (-0.50, 0.08, 0.87)
net: (-1.60, 0.27, 2.79)
world: (-2.78893, 0.24984, 1.60173)
time: 7.22
ori: (9.46, 6.21, 352.81)
a: (-0.12, 0.18, 1.06)
g: (-0.11, 0.16, 0.98)
net: (-0.08, 0.13, 0.75)
world: (-0.17895, 0.23455, 0.70791)
time: 7.32
ori: (7.42, 358.93, 354.21)
a: (0.02, 0.12, 0.96)
g: (0.02, 0.13, 0.99)
net: (-0.01, -0.04, -0.31)
world: (-0.00754, -0.08031, -0.30164)
time: 7.42
ori: (4.74, 6.76, 356.42)
a: (-0.12, 0.08, 1.01)
g: (-0.12, 0.08, 0.99)
net: (-0.02, 0.01, 0.15)
world: (-0.03652, 0.02374, 0.14662)
time: 7.52
ori: (350.99, 38.40, 4.85)
a: (-0.89, -0.22, 1.10)
g: (-0.62, -0.16, 0.77)
net: (-2.61, -0.66, 3.16)
world: (-4.04231, -0.55950, 0.75253)
time: 7.62
ori: (351.07, 0.12, 18.29)
a: (-0.00, -0.18, 1.15)
g: (-0.00, -0.16, 0.99)
net: (-0.00, -0.26, 1.63)
world: (-0.08708, -0.49136, 1.57087)
time: 7.72
ori: (356.60, 319.01, 26.81)
a: (1.03, -0.09, 1.19)
g: (0.66, -0.06, 0.75)
net: (3.70, -0.34, 4.24)
world: (5.16110, -2.03283, 1.01145)
time: 7.82
ori: (7.46, 350.16, 28.49)
a: (0.15, 0.12, 0.87)
g: (0.17, 0.13, 0.98)
net: (-0.18, -0.14, -1.04)
world: (-0.39930, -0.16226, -0.97260)
time: 7.92
ori: (2.63, 0.48, 28.87)
a: (-0.01, 0.05, 0.99)
g: (-0.01, 0.05, 1.00)
net: (0.00, -0.00, -0.04)
world: (-0.00028, -0.00395, -0.04368)
time: 8.02
ori: (4.62, 1.02, 28.75)
a: (-0.02, 0.08, 1.00)
g: (-0.02, 0.08, 1.00)
net: (-0.00, 0.00, 0.05)
world: (0.00027, 0.00791, 0.04910)
time: 8.12
ori: (3.15, 1.35, 28.86)
a: (-0.02, 0.05, 0.99)
g: (-0.02, 0.05, 1.00)
net: (0.00, -0.00, -0.03)
world: (0.00060, -0.00389, -0.03382)
time: 8.22
ori: (0.57, 359.68, 28.85)
a: (0.01, 0.01, 1.08)
g: (0.01, 0.01, 1.00)
net: (0.00, 0.01, 0.75)
world: (0.01152, 0.01196, 0.75194)
time: 8.32
ori: (3.52, 3.30, 27.84)
a: (-0.06, 0.06, 1.04)
g: (-0.06, 0.06, 1.00)
net: (-0.02, 0.03, 0.43)
world: (-0.03415, 0.06107, 0.42394)
time: 8.42
ori: (0.82, 3.71, 27.14)
a: (-0.07, 0.01, 1.01)
g: (-0.06, 0.01, 1.00)
net: (-0.01, 0.00, 0.16)
world: (-0.01807, 0.00883, 0.15528)
time: 8.52
ori: (1.27, 2.27, 27.33)
a: (-0.04, 0.02, 1.01)
g: (-0.04, 0.02, 1.00)
net: (-0.00, 0.00, 0.09)
world: (-0.00557, 0.00516, 0.08589)
time: 8.62
ori: (3.13, 1.61, 27.45)
a: (-0.03, 0.05, 0.99)
g: (-0.03, 0.05, 1.00)
net: (0.00, -0.01, -0.12)
world: (0.00330, -0.01370, -0.11733)
time: 8.72
ori: (1.32, 2.65, 27.37)
a: (-0.05, 0.02, 1.02)
g: (-0.05, 0.02, 1.00)
net: (-0.01, 0.00, 0.21)
world: (-0.01614, 0.01364, 0.20988)
time: 8.82
ori: (1.73, 2.59, 27.22)
a: (-0.05, 0.03, 1.02)
g: (-0.05, 0.03, 1.00)
net: (-0.01, 0.01, 0.23)
world: (-0.01651, 0.01785, 0.22911)
time: 8.92
ori: (2.90, 1.79, 27.27)
a: (-0.03, 0.05, 0.99)
g: (-0.03, 0.05, 1.00)
net: (0.00, -0.01, -0.10)
world: (0.00371, -0.01138, -0.10311)
time: 9.02
ori: (1.30, 0.96, 27.30)
a: (-0.02, 0.02, 0.99)
g: (-0.02, 0.02, 1.00)
net: (0.00, -0.00, -0.07)
world: (0.00158, -0.00376, -0.07447)
time: 9.12
ori: (2.58, 359.24, 27.11)
a: (0.01, 0.05, 1.06)
g: (0.01, 0.04, 1.00)
net: (0.01, 0.03, 0.64)
world: (0.02942, 0.05088, 0.64289)
time: 9.22
ori: (359.05, 342.10, 25.56)
a: (0.35, -0.02, 1.09)
g: (0.31, -0.02, 0.95)
net: (0.45, -0.02, 1.40)
world: (0.80901, -0.23751, 1.20686)
time: 9.32
ori: (358.00, 327.59, 22.18)
a: (0.66, -0.04, 1.04)
g: (0.54, -0.03, 0.84)
net: (1.20, -0.08, 1.89)
world: (1.92297, -0.55975, 0.99323)
time: 9.42
ori: (0.11, 349.64, 17.29)
a: (0.19, 0.00, 1.07)
g: (0.18, 0.00, 0.98)
net: (0.15, 0.00, 0.81)
world: (0.28513, -0.04092, 0.77101)
time: 9.52
ori: (347.57, 34.32, 0.28)
a: (-0.63, -0.24, 0.88)
g: (-0.56, -0.22, 0.81)
net: (-0.60, -0.23, 0.76)
world: (-0.93009, -0.28449, 0.23380)
time: 9.62
ori: (355.02, 33.50, 354.90)
a: (-0.69, -0.11, 1.03)
g: (-0.55, -0.09, 0.83)
net: (-1.34, -0.21, 1.99)
world: (-2.19412, -0.40799, 0.90627)
time: 9.72
ori: (7.80, 21.76, 354.72)
a: (-0.41, 0.15, 1.02)
g: (-0.37, 0.14, 0.92)
net: (-0.39, 0.14, 0.96)
world: (-0.72855, 0.20581, 0.71750)
time: 9.82
ori: (356.91, 30.74, 0.12)
a: (-0.61, -0.06, 1.02)
g: (-0.51, -0.05, 0.86)
net: (-0.95, -0.10, 1.59)
world: (-1.62855, -0.14555, 0.87365)
time: 9.92
ori: (352.30, 28.86, 13.34)
a: (-0.64, -0.18, 1.16)
g: (-0.48, -0.13, 0.87)
net: (-1.59, -0.44, 2.83)
world: (-2.80944, -0.28757, 1.65766)
time: 10.02
ori: (339.71, 341.20, 25.16)
a: (0.38, -0.41, 1.04)
g: (0.32, -0.35, 0.89)
net: (0.56, -0.61, 1.47)
world: (0.71231, -1.19313, 0.95557)
time: 10.12
ori: (2.94, 324.88, 30.03)
a: (0.81, 0.07, 1.15)
g: (0.58, 0.05, 0.82)
net: (2.34, 0.21, 3.31)
world: (3.64724, -0.91258, 1.53354)
time: 10.22
ori: (0.02, 7.03, 28.63)
a: (-0.11, 0.00, 0.93)
g: (-0.12, 0.00, 0.99)
net: (0.07, -0.00, -0.59)
world: (0.13558, -0.03524, -0.57798)
time: 10.32
ori: (359.26, 2.56, 30.63)
a: (-0.04, -0.01, 0.93)
g: (-0.04, -0.01, 1.00)
net: (0.03, 0.01, -0.71)
world: (0.06336, 0.00090, -0.70339)
time: 10.42
ori: (7.03, 1.99, 32.04)
a: (-0.03, 0.12, 0.99)
g: (-0.03, 0.12, 0.99)
net: (0.00, -0.01, -0.06)
world: (-0.00006, -0.01434, -0.05733)
time: 10.52
ori: (5.39, 3.92, 30.99)
a: (-0.07, 0.10, 1.07)
g: (-0.07, 0.09, 0.99)
net: (-0.05, 0.07, 0.77)
world: (-0.06068, 0.16179, 0.75788)
time: 10.62
ori: (1.12, 1.81, 30.57)
a: (-0.03, 0.02, 1.00)
g: (-0.03, 0.02, 1.00)
net: (-0.00, 0.00, 0.01)
world: (-0.00053, 0.00057, 0.01092)
time: 10.72
ori: (2.37, 3.47, 29.80)
a: (-0.06, 0.04, 1.01)
g: (-0.06, 0.04, 1.00)
net: (-0.01, 0.01, 0.14)
world: (-0.01311, 0.01519, 0.14081)
time: 10.82
ori: (2.48, 5.25, 29.48)
a: (-0.09, 0.04, 1.01)
g: (-0.09, 0.04, 0.99)
net: (-0.01, 0.01, 0.13)
world: (-0.01968, 0.01653, 0.12933)
time: 10.92
ori: (0.81, 4.34, 29.59)
a: (-0.08, 0.01, 0.99)
g: (-0.08, 0.01, 1.00)
net: (0.01, -0.00, -0.07)
world: (0.00969, -0.00460, -0.07153)
time: 11.02
ori: (359.67, 1.81, 29.90)
a: (-0.03, -0.01, 0.99)
g: (-0.03, -0.01, 1.00)
net: (0.00, 0.00, -0.10)
world: (0.00606, -0.00050, -0.09778)
time: 11.12
ori: (0.69, 3.35, 29.01)
a: (-0.06, 0.01, 1.01)
g: (-0.06, 0.01, 1.00)
net: (-0.00, 0.00, 0.07)
world: (-0.00691, 0.00339, 0.06624)
time: 11.22
ori: (0.13, 5.23, 28.12)
a: (-0.10, 0.00, 1.07)
g: (-0.09, 0.00, 1.00)
net: (-0.06, 0.00, 0.70)
world: (-0.11987, 0.03334, 0.69553)
time: 11.32
ori: (358.04, 4.23, 27.81)
a: (-0.08, -0.04, 1.03)
g: (-0.07, -0.03, 1.00)
net: (-0.02, -0.01, 0.31)
world: (-0.04805, -0.00919, 0.30688)
time: 11.42
ori: (358.98, 4.43, 27.75)
a: (-0.08, -0.02, 1.01)
g: (-0.08, -0.02, 1.00)
net: (-0.01, -0.00, 0.13)
world: (-0.02076, 0.00036, 0.13381)
time: 11.52
ori: (0.46, 5.16, 27.73)
a: (-0.09, 0.01, 0.98)
g: (-0.09, 0.01, 1.00)
net: (0.01, -0.00, -0.14)
world: (0.02304, -0.00792, -0.13742)
time: 11.62
ori: (2.76, 3.07, 27.19)
a: (-0.05, 0.04, 0.88)
g: (-0.05, 0.05, 1.00)
net: (0.06, -0.06, -1.14)
world: (0.09021, -0.13168, -1.13148)
time: 11.72
ori: (354.21, 359.60, 26.47)
a: (0.01, -0.10, 0.97)
g: (0.01, -0.10, 0.99)
net: (-0.00, 0.03, -0.28)
world: (0.00902, 0.05490, -0.27864)
time: 11.82
ori: (356.13, 4.30, 23.81)
a: (-0.08, -0.08, 1.13)
g: (-0.07, -0.07, 0.99)
net: (-0.10, -0.09, 1.30)
world: (-0.22280, -0.12837, 1.28374)
time: 11.92
ori: (356.85, 4.58, 23.13)
a: (-0.08, -0.06, 1.03)
g: (-0.08, -0.05, 1.00)
net: (-0.03, -0.02, 0.38)
world: (-0.06647, -0.02787, 0.37453)
time: 12.03
ori: (356.64, 3.43, 21.07)
a: (-0.06, -0.06, 0.96)
g: (-0.06, -0.06, 1.00)
net: (0.02, 0.02, -0.33)
world: (0.04468, 0.02991, -0.32334)
time: 12.13
ori: (359.18, 7.16, 21.24)
a: (-0.13, -0.01, 1.03)
g: (-0.12, -0.01, 0.99)
net: (-0.05, -0.01, 0.41)
world: (-0.10019, 0.00737, 0.39813)
time: 12.23
ori: (356.96, 4.91, 20.56)
a: (-0.08, -0.05, 0.90)
g: (-0.09, -0.05, 0.99)
net: (0.08, 0.05, -0.98)
world: (0.18064, 0.07061, -0.96388)
time: 12.33
ori: (358.28, 0.17, 19.85)
a: (-0.00, -0.03, 1.00)
g: (-0.00, -0.03, 1.00)
net: (-0.00, -0.00, 0.01)
world: (-0.00020, -0.00073, 0.01280)
time: 12.43
ori: (0.13, 359.88, 19.68)
a: (0.00, 0.00, 1.01)
g: (0.00, 0.00, 1.00)
net: (0.00, 0.00, 0.11)
world: (0.00053, 0.00041, 0.10962)
time: 12.53
ori: (0.14, 0.05, 19.98)
a: (-0.00, 0.00, 1.01)
g: (-0.00, 0.00, 1.00)
net: (-0.00, 0.00, 0.09)
world: (-0.00008, 0.00044, 0.09104)
time: 12.63
ori: (0.17, 359.88, 20.01)
a: (0.00, 0.00, 1.01)
g: (0.00, 0.00, 1.00)
net: (0.00, 0.00, 0.12)
world: (0.00060, 0.00060, 0.12161)
time: 12.73
ori: (0.29, 359.93, 20.01)
a: (0.00, 0.01, 1.01)
g: (0.00, 0.01, 1.00)
net: (0.00, 0.00, 0.14)
world: (0.00057, 0.00128, 0.13605)
time: 12.83
ori: (0.41, 359.92, 20.02)
a: (0.00, 0.01, 1.01)
g: (0.00, 0.01, 1.00)
net: (0.00, 0.00, 0.14)
world: (0.00070, 0.00188, 0.14095)
time: 12.93
ori: (0.36, 359.90, 20.03)
a: (0.00, 0.01, 1.01)
g: (0.00, 0.01, 1.00)
net: (0.00, 0.00, 0.11)
world: (0.00063, 0.00133, 0.11337)
time: 13.03
ori: (0.42, 359.90, 20.03)
a: (0.00, 0.01, 1.01)
g: (0.00, 0.01, 1.00)
net: (0.00, 0.00, 0.12)
world: (0.00072, 0.00169, 0.12421)
time: 13.13
ori: (0.45, 359.92, 20.03)
a: (0.00, 0.01, 1.01)
g: (0.00, 0.01, 1.00)
net: (0.00, 0.00, 0.12)
world: (0.00066, 0.00178, 0.12006)
time: 13.23
ori: (0.44, 359.86, 20.03)
a: (0.00, 0.01, 1.01)
g: (0.00, 0.01, 1.00)
net: (0.00, 0.00, 0.12)
world: (0.00091, 0.00172, 0.12365)
time: 13.33
ori: (0.81, 359.87, 19.93)
a: (0.00, 0.01, 1.01)
g: (0.00, 0.01, 1.00)
net: (0.00, 0.00, 0.13)
world: (0.00124, 0.00359, 0.13390)
