time: 0.00
ori: (14.11, 357.65, 359.55)
a: (0.04, 0.25, 0.99)
g: (0.04, 0.24, 0.97)
net: (0.00, 0.00, 0.02)
world: (0.00000, 0.00002, 0.01846)
time: 0.10
ori: (9.23, 353.69, 358.86)
a: (0.11, 0.15, 0.95)
g: (0.11, 0.16, 0.98)
net: (-0.00, -0.01, -0.03)
world: (0.00002, -0.00001, -0.03521)
time: 0.20
ori: (13.10, 353.30, 358.54)
a: (0.11, 0.22, 0.93)
g: (0.12, 0.23, 0.97)
net: (-0.00, -0.01, -0.03)
world: (0.00004, 0.00002, -0.03570)
time: 0.30
ori: (12.07, 353.65, 358.50)
a: (0.11, 0.21, 0.98)
g: (0.11, 0.21, 0.97)
net: (0.00, 0.00, 0.01)
world: (0.00003, 0.00007, 0.00707)
time: 0.40
ori: (12.56, 353.70, 358.23)
a: (0.11, 0.22, 0.98)
g: (0.11, 0.22, 0.97)
net: (0.00, 0.00, 0.01)
world: (0.00003, 0.00008, 0.01276)
time: 0.50
ori: (12.32, 353.79, 357.91)
a: (0.11, 0.21, 0.97)
g: (0.11, 0.21, 0.97)
net: (0.00, 0.00, 0.00)
world: (0.00003, 0.00006, 0.00010)
time: 0.60
ori: (12.11, 354.30, 357.91)
a: (0.10, 0.21, 0.96)
g: (0.10, 0.21, 0.97)
net: (-0.00, -0.00, -0.01)
world: (0.00002, 0.00003, -0.01079)
time: 0.70
ori: (11.49, 351.16, 357.64)
a: (0.15, 0.20, 0.96)
g: (0.15, 0.20, 0.97)
net: (-0.00, -0.00, -0.01)
world: (0.00008, 0.00007, -0.01155)
time: 0.80
ori: (9.84, 351.02, 356.58)
a: (0.15, 0.16, 0.93)
g: (0.16, 0.17, 0.97)
net: (-0.01, -0.01, -0.05)
world: (0.00005, -0.00005, -0.04937)
time: 0.90
ori: (11.44, 0.23, 357.94)
a: (-0.00, 0.21, 1.02)
g: (-0.00, 0.20, 0.98)
net: (-0.00, 0.01, 0.04)
world: (0.00000, 0.00000, 0.04495)
time: 1.00
ori: (9.79, 357.90, 358.68)
a: (0.04, 0.19, 1.09)
g: (0.04, 0.17, 0.98)
net: (0.00, 0.02, 0.11)
world: (0.00000, 0.00002, 0.11098)
time: 1.10
ori: (6.55, 355.75, 358.78)
a: (0.08, 0.12, 1.07)
g: (0.07, 0.11, 0.99)
net: (0.01, 0.01, 0.08)
world: (0.00000, 0.00003, 0.07649)
time: 1.20
ori: (17.21, 346.90, 359.04)
a: (0.20, 0.27, 0.84)
g: (0.23, 0.30, 0.93)
net: (-0.02, -0.03, -0.09)
world: (0.00052, -0.00008, -0.09938)
time: 1.31
ori: (9.67, 358.21, 358.10)
a: (0.03, 0.16, 0.94)
g: (0.03, 0.17, 0.99)
net: (-0.00, -0.01, -0.04)
world: (0.00000, -0.00000, -0.04561)
time: 1.41
ori: (8.83, 353.19, 359.71)
a: (0.12, 0.16, 1.00)
g: (0.12, 0.15, 0.98)
net: (0.00, 0.00, 0.02)
world: (0.00002, 0.00005, 0.01782)
time: 1.51
ori: (4.21, 354.66, 2.72)
a: (0.10, 0.08, 1.12)
g: (0.09, 0.07, 0.99)
net: (0.01, 0.01, 0.12)
world: (0.00000, 0.00004, 0.12553)
time: 1.61
ori: (8.73, 1.76, 2.36)
a: (-0.03, 0.15, 1.00)
g: (-0.03, 0.15, 0.99)
net: (-0.00, 0.00, 0.01)
world: (-0.00000, 0.00000, 0.01250)
time: 1.71
ori: (5.61, 345.07, 1.03)
a: (0.24, 0.09, 0.90)
g: (0.26, 0.10, 0.96)
net: (-0.02, -0.01, -0.07)
world: (0.00009, -0.00019, -0.06910)
time: 1.81
ori: (17.23, 351.70, 0.08)
a: (0.14, 0.28, 0.90)
g: (0.14, 0.30, 0.95)
net: (-0.01, -0.01, -0.05)
world: (0.00013, 0.00013, -0.04927)
time: 1.91
ori: (19.80, 357.95, 2.91)
a: (0.03, 0.33, 0.91)
g: (0.04, 0.34, 0.94)
net: (-0.00, -0.01, -0.03)
world: (0.00000, 0.00002, -0.02821)
time: 2.01
ori: (8.45, 348.22, 6.80)
a: (0.19, 0.13, 0.88)
g: (0.20, 0.15, 0.97)
net: (-0.02, -0.01, -0.09)
world: (0.00012, -0.00021, -0.09215)
time: 2.11
ori: (5.13, 351.78, 7.39)
a: (0.13, 0.08, 0.92)
g: (0.14, 0.09, 0.99)
net: (-0.01, -0.01, -0.07)
world: (0.00002, -0.00005, -0.06715)
time: 2.21
ori: (354.28, 358.64, 2.13)
a: (0.03, -0.11, 1.11)
g: (0.02, -0.10, 0.99)
net: (0.00, -0.01, 0.11)
world: (0.00000, -0.00000, 0.11187)
time: 2.31
ori: (358.21, 10.49, 347.80)
a: (-0.19, -0.03, 1.02)
g: (-0.18, -0.03, 0.98)
net: (-0.01, -0.00, 0.04)
world: (-0.00001, -0.00002, 0.03866)
time: 2.41
ori: (355.72, 6.18, 345.34)
a: (-0.13, -0.09, 1.15)
g: (-0.11, -0.07, 0.99)
net: (-0.02, -0.01, 0.16)
world: (-0.00002, -0.00007, 0.16455)
time: 2.51
ori: (358.26, 11.00, 342.90)
a: (-0.14, -0.02, 0.71)
g: (-0.19, -0.03, 0.98)
net: (0.05, 0.01, -0.27)
world: (0.00004, 0.00015, -0.27225)
time: 2.61
ori: (351.53, 28.42, 337.64)
a: (-0.38, -0.12, 0.69)
g: (-0.48, -0.15, 0.87)
net: (0.10, 0.03, -0.18)
world: (0.00006, 0.00359, -0.21143)
time: 2.71
ori: (336.36, 27.68, 332.70)
a: (-0.45, -0.38, 0.76)
g: (-0.46, -0.40, 0.81)
net: (0.02, 0.02, -0.05)
world: (-0.01122, -0.00170, -0.05743)
time: 2.81
ori: (326.99, 22.86, 337.70)
a: (-0.47, -0.66, 0.90)
g: (-0.39, -0.54, 0.77)
net: (-0.08, -0.11, 0.13)
world: (-0.01924, -0.02125, 0.18608)
time: 2.91
ori: (312.00, 31.20, 330.83)
a: (-0.54, -0.78, 0.44)
g: (-0.52, -0.74, 0.57)
net: (-0.02, -0.03, -0.13)
world: (-0.10348, -0.07862, -0.03920)
time: 3.01
ori: (317.80, 38.95, 334.62)
a: (-0.49, -0.52, 0.30)
g: (-0.63, -0.67, 0.58)
net: (0.14, 0.15, -0.27)
world: (-0.10350, -0.02996, -0.32282)
time: 3.11
ori: (299.96, 27.45, 352.29)
a: (-0.67, -1.26, -0.28)
g: (-0.46, -0.87, 0.44)
net: (-0.21, -0.40, -0.72)
world: (-0.30391, -0.79018, 0.08052)
time: 3.21
ori: (286.61, 14.36, 1.65)
a: (-0.26, -1.01, -0.15)
g: (-0.25, -0.96, 0.28)
net: (-0.01, -0.06, -0.43)
world: (-0.01880, -0.42651, -0.06231)
time: 3.31
ori: (291.85, 20.87, 2.51)
a: (-0.45, -1.16, -0.13)
g: (-0.36, -0.93, 0.35)
net: (-0.09, -0.23, -0.48)
world: (-0.04701, -0.53729, 0.06668)
time: 3.41
ori: (300.31, 30.20, 2.51)
a: (-0.62, -1.07, -0.05)
g: (-0.50, -0.86, 0.44)
net: (-0.12, -0.21, -0.49)
world: (-0.11513, -0.53143, 0.00166)
time: 3.51
ori: (297.71, 27.62, 348.35)
a: (-0.36, -0.69, -0.03)
g: (-0.46, -0.89, 0.41)
net: (0.10, 0.20, -0.44)
world: (-0.14308, -0.27580, -0.38180)
time: 3.61
ori: (292.45, 22.23, 339.30)
a: (-0.46, -1.14, -0.06)
g: (-0.38, -0.92, 0.35)
net: (-0.09, -0.21, -0.42)
world: (-0.22751, -0.41359, 0.06608)
time: 3.71
ori: (290.69, 20.55, 332.53)
a: (-0.42, -1.11, -0.05)
g: (-0.35, -0.94, 0.33)
net: (-0.07, -0.18, -0.38)
world: (-0.23757, -0.34647, 0.05513)
time: 3.81
ori: (294.36, 24.14, 339.42)
a: (-0.60, -1.33, -0.08)
g: (-0.41, -0.91, 0.38)
net: (-0.19, -0.42, -0.45)
world: (-0.29225, -0.51632, 0.25514)
time: 3.91
ori: (297.68, 27.52, 0.26)
a: (-0.48, -0.92, -0.05)
g: (-0.46, -0.89, 0.41)
net: (-0.02, -0.04, -0.46)
world: (-0.09943, -0.42799, -0.15111)
time: 4.01
ori: (296.56, 26.52, 14.14)
a: (-0.59, -1.19, -0.03)
g: (-0.45, -0.89, 0.40)
net: (-0.15, -0.29, -0.43)
world: (0.02940, -0.52547, 0.12898)
time: 4.11
ori: (292.23, 22.02, 27.21)
a: (-0.37, -0.92, -0.05)
g: (-0.37, -0.93, 0.35)
net: (0.00, 0.01, -0.40)
world: (0.11803, -0.35332, -0.14670)
time: 4.21
ori: (292.18, 22.03, 28.89)
a: (-0.38, -0.93, -0.04)
g: (-0.38, -0.93, 0.35)
net: (-0.00, -0.01, -0.39)
world: (0.12831, -0.34802, -0.12828)
time: 4.31
ori: (295.50, 25.41, 18.44)
a: (-0.48, -1.01, -0.04)
g: (-0.43, -0.90, 0.39)
net: (-0.05, -0.11, -0.43)
world: (0.05797, -0.43919, -0.05430)
time: 4.41
ori: (296.13, 26.09, 357.31)
a: (-0.58, -1.18, -0.03)
g: (-0.44, -0.90, 0.40)
net: (-0.14, -0.28, -0.43)
world: (-0.11861, -0.49987, 0.11470)
time: 4.51
ori: (294.90, 24.87, 335.19)
a: (-0.54, -1.17, -0.03)
g: (-0.42, -0.91, 0.38)
net: (-0.12, -0.26, -0.41)
world: (-0.27675, -0.40194, 0.11293)
time: 4.61
ori: (293.19, 23.18, 319.55)
a: (-0.44, -1.02, -0.01)
g: (-0.39, -0.92, 0.36)
net: (-0.05, -0.11, -0.37)
world: (-0.29355, -0.25081, -0.02679)
time: 4.71
ori: (294.19, 24.17, 309.63)
a: (-0.40, -0.90, -0.02)
g: (-0.41, -0.91, 0.37)
net: (0.01, 0.01, -0.39)
world: (-0.31103, -0.17337, -0.15841)
time: 4.81
ori: (294.61, 24.38, 306.70)
a: (-0.57, -1.25, -0.08)
g: (-0.41, -0.91, 0.38)
net: (-0.16, -0.34, -0.45)
world: (-0.50005, -0.25900, 0.17515)
time: 4.91
ori: (293.53, 23.28, 314.44)
a: (-0.62, -1.43, -0.09)
g: (-0.40, -0.92, 0.37)
net: (-0.22, -0.52, -0.45)
world: (-0.50751, -0.37283, 0.35689)
time: 5.01
ori: (293.42, 23.20, 333.28)
a: (-0.54, -1.26, -0.07)
g: (-0.39, -0.92, 0.37)
net: (-0.15, -0.34, -0.44)
world: (-0.31133, -0.44176, 0.18291)
time: 5.11
ori: (294.17, 23.98, 350.31)
a: (-0.48, -1.07, -0.06)
g: (-0.41, -0.91, 0.37)
net: (-0.07, -0.16, -0.43)
world: (-0.15467, -0.44234, 0.00261)
time: 5.21
ori: (296.49, 26.06, 354.77)
a: (-0.46, -0.93, -0.08)
g: (-0.44, -0.90, 0.40)
net: (-0.02, -0.04, -0.48)
world: (-0.13615, -0.43567, -0.15588)
time: 5.32
ori: (297.26, 27.17, 342.00)
a: (-0.61, -1.19, -0.05)
g: (-0.46, -0.89, 0.41)
net: (-0.16, -0.30, -0.46)
world: (-0.27403, -0.48419, 0.12587)
time: 5.41
ori: (295.85, 25.80, 321.75)
a: (-0.64, -1.32, -0.04)
g: (-0.44, -0.90, 0.39)
net: (-0.20, -0.42, -0.43)
world: (-0.43198, -0.38641, 0.26206)
time: 5.51
ori: (294.00, 23.95, 296.02)
a: (-0.59, -1.33, -0.04)
g: (-0.41, -0.91, 0.37)
net: (-0.18, -0.42, -0.41)
world: (-0.52241, -0.16382, 0.27108)
time: 5.62
ori: (293.49, 23.46, 268.86)
a: (-0.53, -1.22, -0.03)
g: (-0.40, -0.92, 0.37)
net: (-0.13, -0.30, -0.39)
world: (-0.47833, 0.08162, 0.16537)
time: 5.72
ori: (294.64, 24.39, 252.75)
a: (-0.56, -1.22, -0.08)
g: (-0.41, -0.91, 0.38)
net: (-0.14, -0.31, -0.46)
world: (-0.49424, 0.24840, 0.14496)
time: 5.82
ori: (294.15, 23.62, 255.13)
a: (-0.58, -1.32, -0.12)
g: (-0.40, -0.91, 0.37)
net: (-0.18, -0.40, -0.49)
world: (-0.57009, 0.25039, 0.22253)
time: 5.92
ori: (294.29, 23.99, 277.77)
a: (-0.62, -1.40, -0.10)
g: (-0.41, -0.91, 0.38)
net: (-0.22, -0.49, -0.47)
world: (-0.63779, 0.01080, 0.31500)
time: 6.02
ori: (295.40, 25.29, 307.49)
a: (-0.64, -1.36, -0.06)
g: (-0.43, -0.90, 0.39)
net: (-0.21, -0.45, -0.45)
world: (-0.53483, -0.28361, 0.28988)
time: 6.12
ori: (294.53, 24.45, 331.14)
a: (-0.57, -1.26, -0.05)
g: (-0.41, -0.91, 0.38)
net: (-0.16, -0.35, -0.42)
world: (-0.33146, -0.42336, 0.19690)
time: 6.22
ori: (295.28, 25.18, 336.95)
a: (-0.61, -1.30, -0.05)
g: (-0.43, -0.90, 0.39)
net: (-0.18, -0.39, -0.44)
world: (-0.30879, -0.48106, 0.22889)
time: 6.32
ori: (295.58, 25.51, 318.02)
a: (-0.67, -1.41, -0.05)
g: (-0.43, -0.90, 0.39)
net: (-0.24, -0.51, -0.44)
world: (-0.49029, -0.38994, 0.34891)
time: 6.42
ori: (296.18, 26.16, 288.49)
a: (-0.73, -1.48, -0.03)
g: (-0.44, -0.90, 0.40)
net: (-0.29, -0.58, -0.43)
world: (-0.64256, -0.09934, 0.42581)
time: 6.52
ori: (296.18, 26.15, 258.24)
a: (-0.67, -1.36, -0.03)
g: (-0.44, -0.90, 0.40)
net: (-0.23, -0.46, -0.43)
world: (-0.55416, 0.22164, 0.30480)
time: 6.62
ori: (294.14, 23.99, 235.76)
a: (-0.59, -1.32, -0.06)
g: (-0.41, -0.91, 0.37)
net: (-0.18, -0.41, -0.44)
world: (-0.41835, 0.39043, 0.24859)
time: 6.72
ori: (293.08, 22.54, 232.79)
a: (-0.57, -1.37, -0.12)
g: (-0.38, -0.92, 0.36)
net: (-0.19, -0.45, -0.48)
world: (-0.44224, 0.44538, 0.27729)
time: 6.82
ori: (294.25, 23.86, 256.83)
a: (-0.63, -1.41, -0.11)
g: (-0.40, -0.91, 0.38)
net: (-0.22, -0.50, -0.49)
world: (-0.60786, 0.24401, 0.32218)
time: 6.92
ori: (297.10, 27.04, 288.66)
a: (-0.73, -1.44, -0.05)
g: (-0.45, -0.89, 0.41)
net: (-0.28, -0.55, -0.45)
world: (-0.65450, -0.09354, 0.37588)
time: 7.02
ori: (295.46, 25.40, 314.03)
a: (-0.65, -1.36, -0.05)
g: (-0.43, -0.90, 0.39)
net: (-0.22, -0.46, -0.43)
world: (-0.49220, -0.33769, 0.29650)
time: 7.12
ori: (294.27, 24.11, 323.80)
a: (-0.58, -1.30, -0.07)
g: (-0.41, -0.91, 0.38)
net: (-0.18, -0.39, -0.44)
world: (-0.40347, -0.40172, 0.23181)
time: 7.22
ori: (295.70, 25.53, 308.65)
a: (-0.66, -1.39, -0.07)
g: (-0.43, -0.90, 0.39)
net: (-0.23, -0.49, -0.47)
world: (-0.56078, -0.30995, 0.31608)
time: 7.32
ori: (297.11, 27.08, 279.88)
a: (-0.74, -1.45, -0.04)
g: (-0.46, -0.89, 0.41)
net: (-0.28, -0.56, -0.44)
world: (-0.65799, 0.00688, 0.39017)
time: 7.42
ori: (296.99, 26.93, 252.06)
a: (-0.71, -1.40, -0.04)
g: (-0.45, -0.89, 0.40)
net: (-0.26, -0.51, -0.45)
world: (-0.56294, 0.30548, 0.33964)
time: 7.52
ori: (295.06, 24.93, 228.69)
a: (-0.63, -1.36, -0.06)
g: (-0.42, -0.91, 0.38)
net: (-0.21, -0.45, -0.45)
world: (-0.38345, 0.46725, 0.29126)
time: 7.62
ori: (293.56, 23.19, 220.21)
a: (-0.58, -1.34, -0.10)
g: (-0.39, -0.92, 0.37)
net: (-0.18, -0.43, -0.47)
world: (-0.31980, 0.51470, 0.26154)
time: 7.72
ori: (293.84, 23.46, 232.91)
a: (-0.57, -1.31, -0.10)
g: (-0.40, -0.91, 0.37)
net: (-0.17, -0.39, -0.47)
world: (-0.41674, 0.42733, 0.22523)
time: 7.82
ori: (295.02, 24.90, 259.21)
a: (-0.61, -1.32, -0.06)
g: (-0.42, -0.91, 0.38)
net: (-0.19, -0.41, -0.44)
world: (-0.54721, 0.20115, 0.25178)
time: 7.92
ori: (295.81, 25.76, 286.45)
a: (-0.62, -1.28, -0.04)
g: (-0.43, -0.90, 0.39)
net: (-0.18, -0.38, -0.43)
world: (-0.55395, -0.06206, 0.21544)
time: 8.02
ori: (295.06, 24.98, 300.35)
a: (-0.66, -1.41, -0.05)
g: (-0.42, -0.91, 0.38)
net: (-0.23, -0.50, -0.43)
world: (-0.57188, -0.22171, 0.34623)
time: 8.12
ori: (295.00, 24.84, 291.83)
a: (-0.72, -1.55, -0.08)
g: (-0.42, -0.91, 0.38)
net: (-0.30, -0.65, -0.46)
world: (-0.68214, -0.15722, 0.48206)
time: 8.22
ori: (296.37, 26.30, 262.75)
a: (-0.76, -1.54, -0.06)
g: (-0.44, -0.90, 0.40)
net: (-0.32, -0.65, -0.45)
world: (-0.67324, 0.20587, 0.48035)
time: 8.32
ori: (297.21, 27.19, 234.81)
a: (-0.65, -1.27, -0.02)
g: (-0.46, -0.89, 0.41)
net: (-0.20, -0.38, -0.43)
world: (-0.39311, 0.41100, 0.21783)
time: 8.42
ori: (294.81, 24.66, 214.36)
a: (-0.58, -1.26, -0.06)
g: (-0.42, -0.91, 0.38)
net: (-0.16, -0.35, -0.44)
world: (-0.23535, 0.50589, 0.19181)
time: 8.52
ori: (292.44, 21.87, 212.73)
a: (-0.55, -1.38, -0.12)
g: (-0.37, -0.92, 0.35)
net: (-0.18, -0.45, -0.48)
world: (-0.26344, 0.56044, 0.28543)
time: 8.62
ori: (294.34, 23.95, 238.29)
a: (-0.63, -1.43, -0.11)
g: (-0.41, -0.91, 0.38)
net: (-0.23, -0.51, -0.49)
world: (-0.50629, 0.43164, 0.33680)
time: 8.72
ori: (297.45, 27.39, 268.01)
a: (-0.71, -1.36, -0.04)
g: (-0.46, -0.89, 0.41)
net: (-0.25, -0.47, -0.45)
world: (-0.61654, 0.14242, 0.29971)
time: 8.82
ori: (295.48, 25.44, 291.37)
a: (-0.62, -1.31, -0.04)
g: (-0.43, -0.90, 0.39)
net: (-0.19, -0.41, -0.43)
world: (-0.55542, -0.11449, 0.24781)
time: 8.92
ori: (293.91, 23.80, 301.62)
a: (-0.56, -1.26, -0.05)
g: (-0.40, -0.91, 0.37)
net: (-0.15, -0.34, -0.42)
world: (-0.49050, -0.20660, 0.19294)
time: 9.02
ori: (295.41, 25.25, 285.69)
a: (-0.65, -1.38, -0.07)
g: (-0.43, -0.90, 0.39)
net: (-0.22, -0.48, -0.46)
world: (-0.62366, -0.06720, 0.30604)
time: 9.12
ori: (297.34, 27.31, 255.24)
a: (-0.72, -1.39, -0.03)
g: (-0.46, -0.89, 0.41)
net: (-0.26, -0.50, -0.44)
world: (-0.57003, 0.27275, 0.33219)
time: 9.22
ori: (296.38, 26.34, 226.06)
a: (-0.69, -1.39, -0.03)
g: (-0.44, -0.90, 0.40)
net: (-0.25, -0.50, -0.43)
world: (-0.36287, 0.50025, 0.33548)
time: 9.32
ori: (293.41, 23.24, 204.23)
a: (-0.63, -1.46, -0.07)
g: (-0.39, -0.92, 0.37)
net: (-0.23, -0.54, -0.44)
world: (-0.17481, 0.59973, 0.39088)
time: 9.42
ori: (292.95, 22.30, 205.69)
a: (-0.60, -1.45, -0.14)
g: (-0.38, -0.92, 0.36)
net: (-0.22, -0.53, -0.50)
world: (-0.20715, 0.64036, 0.34841)
time: 9.52
ori: (295.63, 25.34, 233.38)
a: (-0.61, -1.28, -0.09)
g: (-0.43, -0.90, 0.39)
net: (-0.18, -0.38, -0.48)
world: (-0.41609, 0.44045, 0.19513)
time: 9.62
ori: (297.46, 27.42, 259.50)
a: (-0.64, -1.24, -0.04)
g: (-0.46, -0.89, 0.41)
net: (-0.18, -0.35, -0.45)
world: (-0.52731, 0.21258, 0.17805)
time: 9.72
ori: (294.60, 24.51, 279.31)
a: (-0.58, -1.27, -0.05)
g: (-0.41, -0.91, 0.38)
net: (-0.16, -0.36, -0.43)
world: (-0.54415, -0.00063, 0.20096)
time: 9.82
ori: (294.48, 24.32, 283.42)
a: (-0.62, -1.37, -0.07)
g: (-0.41, -0.91, 0.38)
net: (-0.21, -0.46, -0.45)
world: (-0.60307, -0.04762, 0.29662)
time: 9.92
ori: (296.14, 26.02, 263.55)
a: (-0.71, -1.46, -0.07)
g: (-0.44, -0.90, 0.40)
net: (-0.27, -0.56, -0.46)
world: (-0.64517, 0.18848, 0.39035)
time: 10.02
ori: (297.54, 27.52, 233.65)
a: (-0.70, -1.34, -0.02)
g: (-0.46, -0.89, 0.41)
net: (-0.24, -0.46, -0.43)
world: (-0.41061, 0.44703, 0.29138)
time: 10.12
ori: (295.35, 25.31, 206.59)
a: (-0.61, -1.30, -0.03)
g: (-0.43, -0.90, 0.39)
net: (-0.19, -0.39, -0.42)
world: (-0.16123, 0.52892, 0.23780)
time: 10.22
ori: (293.09, 22.82, 187.10)
a: (-0.56, -1.33, -0.08)
g: (-0.39, -0.92, 0.36)
net: (-0.17, -0.41, -0.45)
world: (0.00974, 0.57475, 0.24915)
time: 10.32
ori: (292.85, 22.11, 195.58)
a: (-0.56, -1.38, -0.14)
g: (-0.38, -0.92, 0.36)
net: (-0.19, -0.46, -0.50)
world: (-0.08748, 0.64142, 0.27974)
time: 10.42
ori: (296.34, 26.12, 226.14)
a: (-0.66, -1.34, -0.08)
g: (-0.44, -0.90, 0.40)
net: (-0.22, -0.44, -0.48)
world: (-0.37191, 0.51607, 0.25650)
time: 10.52
ori: (297.25, 27.22, 251.94)
a: (-0.70, -1.36, -0.03)
g: (-0.46, -0.89, 0.41)
net: (-0.24, -0.47, -0.44)
world: (-0.54102, 0.29830, 0.30889)
time: 10.62
ori: (294.13, 24.05, 269.29)
a: (-0.58, -1.29, -0.05)
g: (-0.41, -0.91, 0.37)
net: (-0.17, -0.38, -0.42)
world: (-0.53599, 0.09007, 0.22717)
time: 10.72
ori: (294.14, 23.95, 268.05)
a: (-0.57, -1.28, -0.07)
g: (-0.41, -0.91, 0.37)
net: (-0.17, -0.37, -0.44)
world: (-0.55295, 0.10587, 0.21084)
time: 10.82
ori: (296.54, 26.41, 243.96)
a: (-0.71, -1.42, -0.07)
g: (-0.44, -0.89, 0.40)
net: (-0.26, -0.52, -0.47)
world: (-0.53334, 0.39128, 0.34835)
time: 10.92
ori: (298.07, 28.03, 215.70)
a: (-0.70, -1.31, -0.03)
g: (-0.47, -0.88, 0.42)
net: (-0.23, -0.43, -0.45)
world: (-0.24852, 0.55663, 0.25130)
time: 11.02
ori: (295.77, 25.68, 189.85)
a: (-0.66, -1.38, -0.05)
g: (-0.43, -0.90, 0.39)
net: (-0.23, -0.48, -0.44)
world: (-0.00099, 0.61580, 0.31061)
time: 11.12
ori: (292.96, 22.59, 172.56)
a: (-0.58, -1.40, -0.10)
g: (-0.38, -0.92, 0.36)
net: (-0.20, -0.48, -0.46)
world: (0.16256, 0.59466, 0.31380)
time: 11.22
ori: (292.84, 22.10, 183.47)
a: (-0.55, -1.34, -0.14)
g: (-0.38, -0.92, 0.36)
net: (-0.17, -0.42, -0.50)
world: (0.04834, 0.62857, 0.24617)
time: 11.32
ori: (296.76, 26.57, 212.46)
a: (-0.62, -1.24, -0.07)
g: (-0.45, -0.89, 0.40)
net: (-0.17, -0.35, -0.47)
world: (-0.21587, 0.54829, 0.16378)
time: 11.42
ori: (297.07, 27.03, 235.97)
a: (-0.65, -1.27, -0.04)
g: (-0.45, -0.89, 0.41)
net: (-0.20, -0.38, -0.44)
world: (-0.40850, 0.40926, 0.21244)
time: 11.53
ori: (294.73, 24.64, 248.93)
a: (-0.61, -1.32, -0.05)
g: (-0.42, -0.91, 0.38)
net: (-0.19, -0.41, -0.43)
world: (-0.49399, 0.28801, 0.25665)
time: 11.63
ori: (294.68, 24.58, 242.58)
a: (-0.64, -1.39, -0.06)
g: (-0.42, -0.91, 0.38)
net: (-0.22, -0.48, -0.44)
world: (-0.48789, 0.35937, 0.32733)
time: 11.73
ori: (296.12, 26.07, 217.34)
a: (-0.70, -1.43, -0.04)
g: (-0.44, -0.90, 0.40)
net: (-0.26, -0.53, -0.44)
world: (-0.29317, 0.56280, 0.37072)
time: 11.83
ori: (297.10, 27.09, 187.11)
a: (-0.68, -1.32, -0.02)
g: (-0.46, -0.89, 0.41)
net: (-0.22, -0.43, -0.43)
world: (0.03790, 0.58545, 0.27074)
time: 11.93
ori: (294.52, 24.45, 162.66)
a: (-0.57, -1.25, -0.04)
g: (-0.41, -0.91, 0.38)
net: (-0.15, -0.34, -0.42)
world: (0.23650, 0.47319, 0.18768)
time: 12.03
ori: (292.72, 22.26, 152.81)
a: (-0.60, -1.45, -0.12)
g: (-0.38, -0.92, 0.36)
net: (-0.22, -0.53, -0.48)
world: (0.37040, 0.53320, 0.36584)
time: 12.13
ori: (293.82, 23.19, 173.90)
a: (-0.48, -1.12, -0.11)
g: (-0.39, -0.91, 0.37)
net: (-0.09, -0.20, -0.48)
world: (0.13853, 0.50957, 0.02721)
time: 12.23
ori: (297.97, 27.92, 202.09)
a: (-0.67, -1.26, -0.04)
g: (-0.47, -0.88, 0.41)
net: (-0.20, -0.38, -0.45)
world: (-0.10609, 0.58193, 0.20287)
time: 12.33
ori: (295.82, 25.75, 224.28)
a: (-0.58, -1.20, -0.04)
g: (-0.43, -0.90, 0.39)
net: (-0.15, -0.30, -0.43)
world: (-0.29585, 0.43970, 0.13717)
time: 12.43
ori: (293.16, 23.05, 236.47)
a: (-0.52, -1.22, -0.05)
g: (-0.39, -0.92, 0.36)
net: (-0.13, -0.30, -0.41)
world: (-0.37413, 0.33543, 0.15715)
time: 12.53
ori: (295.11, 25.00, 226.74)
a: (-0.58, -1.24, -0.05)
g: (-0.42, -0.91, 0.38)
net: (-0.16, -0.34, -0.44)
world: (-0.33006, 0.43703, 0.17691)
time: 12.63
ori: (297.18, 27.15, 200.97)
a: (-0.67, -1.30, -0.03)
g: (-0.46, -0.89, 0.41)
net: (-0.21, -0.41, -0.44)
world: (-0.10164, 0.57663, 0.24396)
time: 12.73
ori: (296.72, 26.70, 175.72)
a: (-0.66, -1.30, -0.03)
g: (-0.45, -0.89, 0.40)
net: (-0.21, -0.41, -0.43)
world: (0.14870, 0.55863, 0.24672)
time: 12.83
ori: (294.36, 24.31, 155.11)
a: (-0.49, -1.09, -0.03)
g: (-0.41, -0.91, 0.38)
net: (-0.08, -0.18, -0.41)
world: (0.25615, 0.37192, 0.02752)
time: 12.93
ori: (292.73, 22.56, 146.83)
a: (-0.42, -1.02, -0.05)
g: (-0.38, -0.92, 0.36)
net: (-0.04, -0.09, -0.41)
world: (0.27768, 0.30952, -0.05014)
time: 13.03
ori: (293.84, 23.62, 160.12)
a: (-0.47, -1.06, -0.06)
g: (-0.40, -0.91, 0.37)
net: (-0.07, -0.15, -0.43)
world: (0.22544, 0.40250, -0.00925)
time: 13.13
ori: (296.75, 26.65, 181.57)
a: (-0.53, -1.05, -0.04)
g: (-0.45, -0.89, 0.40)
net: (-0.08, -0.16, -0.45)
world: (0.08471, 0.47082, -0.02012)
time: 13.23
ori: (295.02, 24.98, 202.41)
a: (-0.56, -1.19, -0.03)
g: (-0.42, -0.91, 0.38)
net: (-0.13, -0.29, -0.41)
world: (-0.11061, 0.49224, 0.13460)
time: 13.33
ori: (292.84, 22.80, 218.50)
a: (-0.46, -1.10, -0.03)
g: (-0.39, -0.92, 0.36)
net: (-0.08, -0.18, -0.38)
world: (-0.21396, 0.37044, 0.04513)
time: 13.43
ori: (294.41, 24.33, 222.42)
a: (-0.43, -0.96, -0.03)
g: (-0.41, -0.91, 0.38)
net: (-0.02, -0.05, -0.41)
world: (-0.21215, 0.33822, -0.10580)
