time: 0.00
ori: (353.58, 1.87, 359.98)
a: (-0.03, -0.11, 1.00)
g: (-0.03, -0.11, 0.99)
net: (-0.00, -0.01, 0.12)
world: (-0.00756, -0.02580, 0.11295)
time: 0.10
ori: (353.51, 1.42, 0.00)
a: (-0.03, -0.12, 1.01)
g: (-0.02, -0.11, 0.99)
net: (-0.00, -0.02, 0.19)
world: (-0.00925, -0.04211, 0.18248)
time: 0.20
ori: (353.64, 1.95, 360.00)
a: (-0.03, -0.11, 1.01)
g: (-0.03, -0.11, 0.99)
net: (-0.00, -0.02, 0.14)
world: (-0.00930, -0.03010, 0.13325)
time: 0.30
ori: (353.81, 1.79, 0.00)
a: (-0.03, -0.11, 1.00)
g: (-0.03, -0.11, 0.99)
net: (-0.00, -0.01, 0.10)
world: (-0.00622, -0.02135, 0.09718)
time: 0.40
ori: (353.91, 1.25, 359.97)
a: (-0.02, -0.11, 1.01)
g: (-0.02, -0.11, 0.99)
net: (-0.00, -0.02, 0.18)
world: (-0.00791, -0.03827, 0.17723)
time: 0.50
ori: (354.10, 358.43, 359.52)
a: (0.03, -0.11, 1.03)
g: (0.03, -0.10, 0.99)
net: (0.01, -0.03, 0.34)
world: (0.01874, -0.06882, 0.32954)
time: 0.60
ori: (356.79, 352.86, 357.46)
a: (0.13, -0.06, 1.01)
g: (0.12, -0.06, 0.99)
net: (0.03, -0.01, 0.23)
world: (0.05769, -0.02427, 0.22320)
time: 0.70
ori: (359.04, 348.06, 353.69)
a: (0.22, -0.02, 1.03)
g: (0.21, -0.02, 0.98)
net: (0.10, -0.01, 0.48)
world: (0.19680, -0.00448, 0.44395)
time: 0.80
ori: (354.73, 349.14, 354.36)
a: (0.21, -0.10, 1.07)
g: (0.19, -0.09, 0.98)
net: (0.18, -0.09, 0.95)
world: (0.36659, -0.15286, 0.88645)
time: 0.91
ori: (352.80, 1.76, 357.61)
a: (-0.03, -0.13, 1.05)
g: (-0.03, -0.13, 0.99)
net: (-0.02, -0.07, 0.58)
world: (-0.03260, -0.14571, 0.56386)
time: 1.01
ori: (345.42, 6.50, 359.51)
a: (-0.11, -0.24, 0.90)
g: (-0.11, -0.25, 0.96)
net: (0.07, 0.15, -0.59)
world: (0.13404, 0.29474, -0.52123)
time: 1.11
ori: (344.07, 6.07, 2.37)
a: (-0.10, -0.27, 0.93)
g: (-0.11, -0.27, 0.96)
net: (0.03, 0.08, -0.27)
world: (0.06128, 0.14571, -0.23565)
time: 1.21
ori: (347.20, 4.00, 7.30)
a: (-0.07, -0.22, 0.95)
g: (-0.07, -0.22, 0.97)
net: (0.02, 0.06, -0.27)
world: (0.04488, 0.11406, -0.24370)
time: 1.31
ori: (349.10, 3.48, 11.92)
a: (-0.06, -0.19, 0.98)
g: (-0.06, -0.19, 0.98)
net: (-0.00, -0.00, 0.01)
world: (-0.00094, -0.00207, 0.00510)
time: 1.41
ori: (347.82, 359.86, 16.49)
a: (0.00, -0.19, 0.90)
g: (0.00, -0.21, 0.98)
net: (-0.00, 0.17, -0.78)
world: (0.04376, 0.32109, -0.72402)
time: 1.51
ori: (352.53, 359.36, 22.04)
a: (0.01, -0.13, 0.98)
g: (0.01, -0.13, 0.99)
net: (-0.00, 0.01, -0.10)
world: (0.00269, 0.02471, -0.09466)
time: 1.61
ori: (354.12, 355.81, 25.66)
a: (0.08, -0.11, 1.02)
g: (0.07, -0.10, 0.99)
net: (0.02, -0.03, 0.27)
world: (0.02569, -0.06143, 0.26510)
time: 1.71
ori: (357.20, 355.08, 22.16)
a: (0.08, -0.05, 0.98)
g: (0.09, -0.05, 1.00)
net: (-0.01, 0.01, -0.11)
world: (-0.01654, 0.01421, -0.11111)
time: 1.81
ori: (356.43, 5.29, 17.27)
a: (-0.10, -0.07, 1.08)
g: (-0.09, -0.06, 0.99)
net: (-0.08, -0.06, 0.88)
world: (-0.17513, -0.08223, 0.86395)
time: 1.91
ori: (3.31, 9.37, 11.58)
a: (-0.17, 0.06, 1.00)
g: (-0.16, 0.06, 0.99)
net: (-0.02, 0.01, 0.15)
world: (-0.04555, 0.02140, 0.13979)
time: 2.01
ori: (6.79, 12.56, 9.83)
a: (-0.23, 0.12, 1.02)
g: (-0.22, 0.12, 0.97)
net: (-0.12, 0.07, 0.54)
world: (-0.22222, 0.14407, 0.48656)
time: 2.11
ori: (2.97, 10.61, 10.16)
a: (-0.19, 0.05, 0.99)
g: (-0.18, 0.05, 0.98)
net: (-0.02, 0.01, 0.10)
world: (-0.03638, 0.01371, 0.09618)
time: 2.21
ori: (4.37, 7.11, 9.92)
a: (-0.13, 0.08, 1.00)
g: (-0.12, 0.08, 0.99)
net: (-0.01, 0.01, 0.11)
world: (-0.02549, 0.01879, 0.10573)
time: 2.31
ori: (4.80, 4.19, 9.12)
a: (-0.07, 0.08, 1.00)
g: (-0.07, 0.08, 0.99)
net: (-0.01, 0.01, 0.07)
world: (-0.00989, 0.01331, 0.07349)
time: 2.41
ori: (4.63, 2.71, 8.75)
a: (-0.05, 0.08, 1.01)
g: (-0.05, 0.08, 1.00)
net: (-0.00, 0.01, 0.10)
world: (-0.00857, 0.01754, 0.10327)
time: 2.51
ori: (3.82, 3.76, 8.31)
a: (-0.07, 0.07, 1.00)
g: (-0.07, 0.07, 1.00)
net: (-0.00, 0.00, 0.06)
world: (-0.00701, 0.00822, 0.05712)
time: 2.61
ori: (4.49, 3.77, 8.07)
a: (-0.07, 0.08, 1.01)
g: (-0.07, 0.08, 0.99)
net: (-0.01, 0.01, 0.11)
world: (-0.01294, 0.01776, 0.10596)
time: 2.71
ori: (4.99, 3.24, 7.62)
a: (-0.06, 0.09, 1.01)
g: (-0.06, 0.09, 0.99)
net: (-0.01, 0.02, 0.20)
world: (-0.02004, 0.03576, 0.19503)
time: 2.81
ori: (5.00, 2.93, 7.35)
a: (-0.05, 0.09, 1.02)
g: (-0.05, 0.09, 0.99)
net: (-0.01, 0.02, 0.21)
world: (-0.01938, 0.03837, 0.20979)
time: 2.91
ori: (4.39, 2.58, 6.93)
a: (-0.04, 0.08, 0.99)
g: (-0.05, 0.08, 1.00)
net: (0.00, -0.00, -0.02)
world: (0.00176, -0.00344, -0.02158)
time: 3.01
ori: (4.69, 2.75, 6.54)
a: (-0.05, 0.08, 1.00)
g: (-0.05, 0.08, 1.00)
net: (-0.00, 0.00, 0.06)
world: (-0.00492, 0.00956, 0.05598)
time: 3.11
ori: (4.78, 3.56, 6.37)
a: (-0.06, 0.08, 1.00)
g: (-0.06, 0.08, 0.99)
net: (-0.00, 0.00, 0.05)
world: (-0.00616, 0.00926, 0.05271)
time: 3.21
ori: (4.62, 3.30, 5.80)
a: (-0.06, 0.08, 1.00)
g: (-0.06, 0.08, 1.00)
net: (-0.00, 0.00, 0.02)
world: (-0.00259, 0.00403, 0.02380)
time: 3.31
ori: (4.90, 2.60, 5.52)
a: (-0.05, 0.09, 1.01)
g: (-0.05, 0.09, 1.00)
net: (-0.01, 0.02, 0.19)
world: (-0.01530, 0.03249, 0.18337)
time: 3.41
ori: (5.03, 4.31, 5.34)
a: (-0.08, 0.09, 1.01)
g: (-0.08, 0.09, 0.99)
net: (-0.01, 0.01, 0.16)
world: (-0.02324, 0.02972, 0.16031)
time: 3.51
ori: (5.25, 4.47, 5.25)
a: (-0.08, 0.09, 1.00)
g: (-0.08, 0.09, 0.99)
net: (-0.01, 0.01, 0.10)
world: (-0.01507, 0.01934, 0.09982)
