time: 0.01
a: (0.03170, -0.01789, 0.04054)
g: (0.03052, 0.00000, 0.21362)
time: 0.11
a: (-0.04973, -0.00292, 0.00043)
g: (0.09155, 0.03052, 0.18311)
time: 0.21
a: (0.02152, -0.01130, 0.01959)
g: (0.00000, 0.06104, 0.12207)
time: 0.31
a: (0.00775, -0.00232, 0.03695)
g: (-0.03052, 0.06104, 0.18311)
time: 0.41
a: (0.00416, 0.00546, 0.00282)
g: (0.00000, 0.03052, 0.15259)
time: 0.51
a: (0.01194, 0.02223, 0.01060)
g: (0.03052, 0.00000, 0.21362)
time: 0.61
a: (-0.00542, 0.01265, 0.01480)
g: (0.03052, 0.03052, 0.09155)
time: 0.71
a: (0.01553, 0.00726, 0.01001)
g: (0.00000, 0.00000, 0.18311)
time: 0.81
a: (0.01433, 0.01324, -0.00556)
g: (0.03052, 0.03052, 0.21362)
time: 0.91
a: (0.01074, 0.00426, 0.01480)
g: (0.06104, 0.03052, 0.15259)
time: 1.01
a: (-0.01081, -0.00831, -0.00616)
g: (0.06104, 0.09155, 0.15259)
time: 1.11
a: (0.01793, 0.00187, 0.01839)
g: (0.00000, 0.00000, 0.15259)
time: 1.21
a: (0.00595, 0.00606, 0.01120)
g: (0.03052, 0.06104, 0.18311)
time: 1.31
a: (0.00655, 0.00127, 0.01839)
g: (0.00000, 0.00000, 0.18311)
time: 1.41
a: (0.01912, 0.00965, 0.01899)
g: (0.06104, 0.00000, 0.15259)
time: 1.51
a: (0.00056, -0.01071, 0.02737)
g: (0.03052, 0.03052, 0.15259)
time: 1.61
a: (0.00835, -0.00592, 0.01300)
g: (0.03052, 0.00000, 0.18311)
time: 1.71
a: (0.00954, -0.00292, 0.00522)
g: (0.03052, 0.06104, 0.18311)
time: 1.81
a: (-0.00243, -0.01430, -0.00077)
g: (0.03052, 0.03052, 0.18311)
time: 1.91
a: (0.02212, -0.03046, 0.03815)
g: (-0.06104, 0.06104, 0.15259)
time: 2.01
a: (0.03469, 0.09228, -0.05227)
g: (-0.36621, 0.42725, -3.93677)
time: 2.11
a: (-0.08506, -0.08495, 0.02617)
g: (-2.83813, 2.74658, 2.01416)
time: 2.21
a: (-0.03955, -0.03525, 0.00102)
g: (0.39673, 0.27466, 2.50244)
time: 2.31
a: (-4.32005, -0.06759, -0.01275)
g: (1.25122, 1.52588, 49.89624)
time: 2.41
a: (-11.46679, -0.70706, 0.05252)
g: (13.54980, -3.99780, 115.47852)
time: 2.51
a: (-0.06590, 3.52674, -0.12591)
g: (9.24683, -6.68335, -80.20020)
time: 2.61
a: (8.26099, 0.66768, 0.15670)
g: (3.50952, -1.58691, -106.53687)
time: 2.71
a: (7.25927, 1.00538, -0.04448)
g: (1.00708, -1.06812, -26.24512)
time: 2.81
a: (0.08559, 0.32041, -0.00017)
g: (1.15967, -0.51880, -7.81250)
time: 2.91
a: (-0.06410, 0.30963, -0.01215)
g: (-0.21362, 0.85449, 11.99341)
time: 3.01
a: (-0.07189, 0.38387, -0.02472)
g: (0.00000, 0.24414, 3.63159)
time: 3.11
a: (-0.04854, 0.39525, -0.02832)
g: (-0.21362, 0.12207, 0.33569)
time: 3.21
a: (-0.07009, 0.39884, -0.03131)
g: (-0.39673, 0.00000, 0.12207)
time: 3.31
a: (-0.07129, 0.38447, -0.03191)
g: (-0.27466, 0.00000, 0.21362)
time: 3.41
a: (-0.06949, 0.40184, -0.00915)
g: (-0.03052, 0.03052, 0.12207)
time: 3.51
a: (-0.08386, 0.37549, -0.02652)
g: (-0.39673, -0.06104, 0.03052)
time: 3.61
a: (-0.08805, 0.36950, -0.03071)
g: (-0.06104, -0.06104, 0.06104)
time: 3.71
a: (-0.08266, 0.37130, -0.02712)
g: (-0.09155, -0.03052, 0.15259)
time: 3.81
a: (-0.07847, 0.37070, -0.02113)
g: (-0.21362, -0.03052, 0.18311)
time: 3.91
a: (-0.08745, 0.37369, -0.01814)
g: (-0.09155, 0.00000, 0.15259)
time: 4.01
a: (-0.07668, 0.36831, -0.02233)
g: (-0.15259, 0.03052, 0.18311)
time: 4.12
a: (-0.08446, 0.37250, -0.03011)
g: (-0.09155, 0.03052, 0.18311)
time: 4.21
a: (-0.09105, 0.37369, -0.02233)
g: (0.00000, 0.00000, 0.21362)
time: 4.31
a: (-0.07428, 0.38567, -0.00915)
g: (-0.06104, 0.00000, 0.15259)
time: 4.41
a: (-0.08805, 0.37310, -0.01933)
g: (-0.12207, 0.09155, 0.21362)
time: 4.52
a: (-0.08446, 0.36112, -0.02772)
g: (0.03052, 0.09155, 0.18311)
time: 4.62
a: (-0.06949, 0.37310, -0.01993)
g: (-0.03052, 0.06104, 0.18311)
time: 4.72
a: (-0.09105, 0.38208, -0.03011)
g: (-0.09155, -0.03052, 0.15259)
time: 4.82
a: (-0.06949, 0.36531, -0.02472)
g: (-0.12207, -0.03052, 0.15259)
time: 4.92
a: (-0.07787, 0.37789, -0.01275)
g: (-0.21362, 0.00000, 0.21362)
time: 5.02
a: (-0.07488, 0.37489, -0.01933)
g: (-0.09155, -0.03052, 0.15259)
time: 5.12
a: (-0.08686, 0.37369, -0.01215)
g: (-0.18311, 0.00000, 0.15259)
time: 5.22
a: (-0.07249, 0.37729, -0.01694)
g: (0.00000, -0.03052, 0.18311)
time: 5.32
a: (-0.07189, 0.40363, -0.02832)
g: (-0.15259, 0.00000, 0.12207)
time: 5.42
a: (-0.08506, 0.39645, -0.02412)
g: (0.09155, 0.00000, 0.12207)
time: 5.52
a: (-0.07069, 0.41261, -0.02113)
g: (-0.21362, -0.03052, 0.21362)
time: 5.62
a: (-0.06770, 0.38567, 0.00102)
g: (-0.21362, 0.00000, 0.15259)
time: 5.72
a: (-0.05452, 0.37190, 0.00222)
g: (-0.15259, 0.03052, 0.18311)
time: 5.82
a: (-0.07608, 0.38747, -0.01155)
g: (-0.12207, -0.03052, 0.15259)
