time: 0.00
ori: (4.49, 359.82, 0.00)
a: (0.00, 0.08, 1.01)
g: (0.00, 0.08, 1.00)
net: (0.00, 0.01, 0.12)
world: (0.00074, 0.01815, 0.11476)
time: 0.10
ori: (4.46, 359.72, 0.00)
a: (0.01, 0.08, 1.01)
g: (0.00, 0.08, 1.00)
net: (0.00, 0.01, 0.12)
world: (0.00120, 0.01878, 0.11970)
time: 0.20
ori: (4.52, 359.74, 0.01)
a: (0.00, 0.08, 1.01)
g: (0.00, 0.08, 1.00)
net: (0.00, 0.01, 0.12)
world: (0.00114, 0.01967, 0.12351)
time: 0.30
ori: (4.52, 359.74, 0.00)
a: (0.00, 0.08, 1.01)
g: (0.00, 0.08, 1.00)
net: (0.00, 0.01, 0.12)
world: (0.00104, 0.01812, 0.11394)
time: 0.40
ori: (4.50, 359.74, 0.01)
a: (0.00, 0.08, 1.01)
g: (0.00, 0.08, 1.00)
net: (0.00, 0.01, 0.13)
world: (0.00114, 0.01972, 0.12442)
time: 0.50
ori: (4.50, 359.77, 0.01)
a: (0.00, 0.08, 1.01)
g: (0.00, 0.08, 1.00)
net: (0.00, 0.01, 0.12)
world: (0.00094, 0.01855, 0.11719)
time: 0.60
ori: (4.51, 359.71, 0.01)
a: (0.01, 0.08, 1.01)
g: (0.01, 0.08, 1.00)
net: (0.00, 0.01, 0.12)
world: (0.00120, 0.01864, 0.11741)
time: 0.70
ori: (4.48, 359.79, 0.02)
a: (0.00, 0.08, 1.01)
g: (0.00, 0.08, 1.00)
net: (0.00, 0.01, 0.11)
world: (0.00080, 0.01688, 0.10693)
time: 0.80
ori: (4.50, 359.83, 0.02)
a: (0.00, 0.08, 1.01)
g: (0.00, 0.08, 1.00)
net: (0.00, 0.01, 0.10)
world: (0.00063, 0.01623, 0.10242)
time: 0.90
ori: (4.51, 359.80, 0.02)
a: (0.00, 0.08, 1.01)
g: (0.00, 0.08, 1.00)
net: (0.00, 0.01, 0.11)
world: (0.00075, 0.01653, 0.10425)
time: 1.00
ori: (4.45, 359.80, 0.02)
a: (0.00, 0.08, 1.01)
g: (0.00, 0.08, 1.00)
net: (0.00, 0.01, 0.12)
world: (0.00084, 0.01861, 0.11892)
time: 1.10
ori: (4.54, 359.73, 0.02)
a: (0.00, 0.08, 1.01)
g: (0.00, 0.08, 1.00)
net: (0.00, 0.01, 0.12)
world: (0.00112, 0.01881, 0.11775)
time: 1.20
ori: (4.49, 359.73, 0.02)
a: (0.00, 0.08, 1.01)
g: (0.00, 0.08, 1.00)
net: (0.00, 0.01, 0.13)
world: (0.00117, 0.01973, 0.12484)
time: 1.31
ori: (4.49, 359.79, 0.02)
a: (0.00, 0.08, 1.01)
g: (0.00, 0.08, 1.00)
net: (0.00, 0.01, 0.12)
world: (0.00085, 0.01825, 0.11537)
time: 1.41
ori: (4.52, 359.75, 0.02)
a: (0.00, 0.08, 1.01)
g: (0.00, 0.08, 1.00)
net: (0.00, 0.01, 0.13)
world: (0.00112, 0.01993, 0.12523)
time: 1.51
ori: (4.50, 359.75, 0.02)
a: (0.00, 0.08, 1.01)
g: (0.00, 0.08, 1.00)
net: (0.00, 0.01, 0.12)
world: (0.00108, 0.01922, 0.12138)
time: 1.61
ori: (4.44, 359.80, 0.02)
a: (0.00, 0.08, 1.01)
g: (0.00, 0.08, 1.00)
net: (0.00, 0.01, 0.12)
world: (0.00085, 0.01904, 0.12182)
time: 1.71
ori: (4.49, 359.82, 0.03)
a: (0.00, 0.08, 1.01)
g: (0.00, 0.08, 1.00)
net: (0.00, 0.01, 0.12)
world: (0.00072, 0.01813, 0.11471)
time: 1.81
ori: (4.47, 359.71, 0.03)
a: (0.01, 0.08, 1.01)
g: (0.01, 0.08, 1.00)
net: (0.00, 0.01, 0.10)
world: (0.00101, 0.01548, 0.09847)
time: 1.91
ori: (4.46, 359.80, 0.03)
a: (0.00, 0.08, 1.01)
g: (0.00, 0.08, 1.00)
net: (0.00, 0.01, 0.11)
world: (0.00079, 0.01774, 0.11311)
time: 2.01
ori: (4.52, 359.73, 0.04)
a: (0.00, 0.08, 1.01)
g: (0.00, 0.08, 1.00)
net: (0.00, 0.01, 0.11)
world: (0.00107, 0.01801, 0.11331)
time: 2.11
ori: (4.47, 359.75, 0.03)
a: (0.00, 0.08, 1.01)
g: (0.00, 0.08, 1.00)
net: (0.00, 0.01, 0.11)
world: (0.00096, 0.01714, 0.10910)
time: 2.21
ori: (4.53, 359.76, 0.04)
a: (0.00, 0.08, 1.01)
g: (0.00, 0.08, 1.00)
net: (0.00, 0.01, 0.11)
world: (0.00090, 0.01714, 0.10753)
time: 2.31
ori: (4.46, 359.76, 0.04)
a: (0.00, 0.08, 1.01)
g: (0.00, 0.08, 1.00)
net: (0.00, 0.01, 0.11)
world: (0.00094, 0.01722, 0.10964)
time: 2.41
ori: (4.51, 359.78, 0.04)
a: (0.00, 0.08, 1.01)
g: (0.00, 0.08, 1.00)
net: (0.00, 0.01, 0.12)
world: (0.00097, 0.01921, 0.12095)
time: 2.51
ori: (4.47, 359.79, 0.04)
a: (0.00, 0.08, 1.01)
g: (0.00, 0.08, 1.00)
net: (0.00, 0.01, 0.13)
world: (0.00098, 0.02018, 0.12817)
time: 2.61
ori: (4.42, 359.78, 0.05)
a: (0.00, 0.08, 1.01)
g: (0.00, 0.08, 1.00)
net: (0.00, 0.01, 0.11)
world: (0.00083, 0.01642, 0.10556)
time: 2.71
ori: (4.53, 359.76, 0.04)
a: (0.00, 0.08, 1.01)
g: (0.00, 0.08, 1.00)
net: (0.00, 0.01, 0.11)
world: (0.00095, 0.01788, 0.11225)
time: 2.81
ori: (4.56, 359.72, 0.04)
a: (0.00, 0.08, 1.01)
g: (0.00, 0.08, 1.00)
net: (0.00, 0.01, 0.12)
world: (0.00118, 0.01924, 0.11984)
time: 2.91
ori: (4.46, 359.73, 0.04)
a: (0.00, 0.08, 1.01)
g: (0.00, 0.08, 1.00)
net: (0.00, 0.01, 0.13)
world: (0.00118, 0.01946, 0.12390)
time: 3.01
ori: (4.47, 359.72, 0.04)
a: (0.00, 0.08, 1.01)
g: (0.00, 0.08, 1.00)
net: (0.00, 0.01, 0.11)
world: (0.00104, 0.01669, 0.10617)
time: 3.11
ori: (4.53, 359.81, 0.05)
a: (0.00, 0.08, 1.01)
g: (0.00, 0.08, 1.00)
net: (0.00, 0.01, 0.12)
world: (0.00083, 0.01952, 0.12237)
time: 3.21
ori: (4.52, 359.65, 0.05)
a: (0.01, 0.08, 1.01)
g: (0.01, 0.08, 1.00)
net: (0.00, 0.01, 0.11)
world: (0.00141, 0.01806, 0.11347)
time: 3.31
ori: (4.50, 359.76, 0.05)
a: (0.00, 0.08, 1.01)
g: (0.00, 0.08, 1.00)
net: (0.00, 0.01, 0.13)
world: (0.00108, 0.02018, 0.12736)
time: 3.41
ori: (4.45, 359.71, 0.05)
a: (0.01, 0.08, 1.01)
g: (0.01, 0.08, 1.00)
net: (0.00, 0.01, 0.12)
world: (0.00122, 0.01873, 0.11961)
time: 3.51
ori: (4.57, 359.72, 0.05)
a: (0.00, 0.08, 1.01)
g: (0.00, 0.08, 1.00)
net: (0.00, 0.01, 0.12)
world: (0.00117, 0.01908, 0.11870)
time: 3.61
ori: (4.49, 359.77, 0.05)
a: (0.00, 0.08, 1.01)
g: (0.00, 0.08, 1.00)
net: (0.00, 0.01, 0.13)
world: (0.00110, 0.02083, 0.13190)
time: 3.71
ori: (4.50, 359.64, 0.05)
a: (0.01, 0.08, 1.01)
g: (0.01, 0.08, 1.00)
net: (0.00, 0.01, 0.12)
world: (0.00151, 0.01870, 0.11798)
time: 3.81
ori: (4.60, 359.75, 0.05)
a: (0.00, 0.08, 1.01)
g: (0.00, 0.08, 1.00)
net: (0.00, 0.01, 0.12)
world: (0.00108, 0.02000, 0.12335)
time: 3.91
ori: (4.49, 359.77, 0.05)
a: (0.00, 0.08, 1.01)
g: (0.00, 0.08, 1.00)
net: (0.00, 0.01, 0.12)
world: (0.00100, 0.01887, 0.11947)
time: 4.01
ori: (4.47, 359.74, 0.05)
a: (0.00, 0.08, 1.01)
g: (0.00, 0.08, 1.00)
net: (0.00, 0.01, 0.10)
world: (0.00096, 0.01616, 0.10266)
time: 4.11
ori: (4.50, 359.82, 0.05)
a: (0.00, 0.08, 1.01)
g: (0.00, 0.08, 1.00)
net: (0.00, 0.01, 0.12)
world: (0.00072, 0.01810, 0.11426)
time: 4.21
ori: (4.46, 359.68, 0.05)
a: (0.01, 0.08, 1.01)
g: (0.01, 0.08, 1.00)
net: (0.00, 0.01, 0.12)
world: (0.00132, 0.01832, 0.11678)
time: 4.31
ori: (4.57, 359.72, 0.05)
a: (0.00, 0.08, 1.01)
g: (0.00, 0.08, 1.00)
net: (0.00, 0.01, 0.11)
world: (0.00109, 0.01775, 0.11041)
time: 4.41
ori: (4.60, 359.76, 0.05)
a: (0.00, 0.08, 1.01)
g: (0.00, 0.08, 1.00)
net: (0.00, 0.01, 0.12)
world: (0.00097, 0.01852, 0.11437)
time: 4.51
ori: (4.46, 359.72, 0.05)
a: (0.00, 0.08, 1.01)
g: (0.00, 0.08, 1.00)
net: (0.00, 0.01, 0.12)
world: (0.00114, 0.01795, 0.11439)
time: 4.61
ori: (4.49, 359.69, 0.05)
a: (0.01, 0.08, 1.01)
g: (0.01, 0.08, 1.00)
net: (0.00, 0.01, 0.11)
world: (0.00126, 0.01778, 0.11245)
time: 4.71
ori: (4.52, 359.73, 0.05)
a: (0.00, 0.08, 1.01)
g: (0.00, 0.08, 1.00)
net: (0.00, 0.01, 0.12)
world: (0.00113, 0.01909, 0.11993)
time: 4.81
ori: (4.55, 359.76, 0.05)
a: (0.00, 0.08, 1.01)
g: (0.00, 0.08, 1.00)
net: (0.00, 0.01, 0.13)
world: (0.00107, 0.02015, 0.12566)
time: 4.92
ori: (4.48, 359.78, 0.05)
a: (0.00, 0.08, 1.01)
g: (0.00, 0.08, 1.00)
net: (0.00, 0.01, 0.14)
world: (0.00107, 0.02117, 0.13420)
time: 5.02
ori: (4.51, 359.77, 0.05)
a: (0.00, 0.08, 1.01)
g: (0.00, 0.08, 1.00)
net: (0.00, 0.01, 0.12)
world: (0.00102, 0.01939, 0.12213)
time: 5.12
ori: (4.49, 359.67, 0.05)
a: (0.01, 0.08, 1.01)
g: (0.01, 0.08, 1.00)
net: (0.00, 0.01, 0.12)
world: (0.00139, 0.01886, 0.11950)
time: 5.22
ori: (4.49, 359.75, 0.05)
a: (0.00, 0.08, 1.01)
g: (0.00, 0.08, 1.00)
net: (0.00, 0.01, 0.11)
world: (0.00095, 0.01708, 0.10818)
time: 5.32
ori: (4.53, 359.75, 0.06)
a: (0.00, 0.08, 1.01)
g: (0.00, 0.08, 1.00)
net: (0.00, 0.01, 0.11)
world: (0.00097, 0.01763, 0.11053)
time: 5.42
ori: (4.51, 359.73, 0.06)
a: (0.00, 0.08, 1.01)
g: (0.00, 0.08, 1.00)
net: (0.00, 0.01, 0.12)
world: (0.00110, 0.01815, 0.11441)
time: 5.52
ori: (4.54, 359.94, 0.06)
a: (0.00, 0.08, 1.01)
g: (0.00, 0.08, 1.00)
net: (0.00, 0.01, 0.14)
world: (0.00032, 0.02279, 0.14260)
time: 5.62
ori: (4.35, 359.75, 0.07)
a: (0.00, 0.08, 1.01)
g: (0.00, 0.08, 1.00)
net: (0.00, 0.01, 0.10)
world: (0.00088, 0.01494, 0.09759)
time: 5.72
ori: (4.50, 359.83, 0.07)
a: (0.00, 0.08, 1.01)
g: (0.00, 0.08, 1.00)
net: (0.00, 0.01, 0.12)
world: (0.00074, 0.01944, 0.12260)
time: 5.82
ori: (4.49, 359.76, 0.07)
a: (0.00, 0.08, 1.01)
g: (0.00, 0.08, 1.00)
net: (0.00, 0.01, 0.12)
world: (0.00102, 0.01869, 0.11829)
time: 5.92
ori: (4.42, 359.78, 0.06)
a: (0.00, 0.08, 1.01)
g: (0.00, 0.08, 1.00)
net: (0.00, 0.01, 0.12)
world: (0.00094, 0.01880, 0.12094)
time: 6.02
ori: (4.46, 359.77, 0.07)
a: (0.00, 0.08, 1.01)
g: (0.00, 0.08, 1.00)
net: (0.00, 0.01, 0.13)
world: (0.00103, 0.01980, 0.12619)
time: 6.12
ori: (4.57, 359.74, 0.07)
a: (0.00, 0.08, 1.01)
g: (0.00, 0.08, 1.00)
net: (0.00, 0.01, 0.13)
world: (0.00118, 0.02062, 0.12821)
time: 6.22
ori: (4.48, 359.78, 0.08)
a: (0.00, 0.08, 1.01)
g: (0.00, 0.08, 1.00)
net: (0.00, 0.01, 0.12)
world: (0.00094, 0.01908, 0.12109)
time: 6.32
ori: (4.44, 359.71, 0.08)
a: (0.01, 0.08, 1.01)
g: (0.01, 0.08, 1.00)
net: (0.00, 0.01, 0.11)
world: (0.00114, 0.01699, 0.10878)
time: 6.42
ori: (4.52, 359.83, 0.08)
a: (0.00, 0.08, 1.01)
g: (0.00, 0.08, 1.00)
net: (0.00, 0.01, 0.14)
world: (0.00080, 0.02140, 0.13461)
time: 6.52
ori: (4.47, 359.75, 0.09)
a: (0.00, 0.08, 1.01)
g: (0.00, 0.08, 1.00)
net: (0.00, 0.01, 0.12)
world: (0.00109, 0.01929, 0.12275)
time: 6.62
ori: (4.46, 359.84, 0.09)
a: (0.00, 0.08, 1.01)
g: (0.00, 0.08, 1.00)
net: (0.00, 0.01, 0.13)
world: (0.00072, 0.01983, 0.12624)
time: 6.72
ori: (4.54, 359.78, 0.09)
a: (0.00, 0.08, 1.01)
g: (0.00, 0.08, 1.00)
net: (0.00, 0.01, 0.12)
world: (0.00097, 0.01948, 0.12189)
time: 6.82
ori: (4.47, 359.74, 0.09)
a: (0.00, 0.08, 1.01)
g: (0.00, 0.08, 1.00)
net: (0.00, 0.01, 0.13)
world: (0.00115, 0.01980, 0.12579)
time: 6.92
ori: (4.51, 359.68, 0.09)
a: (0.01, 0.08, 1.01)
g: (0.01, 0.08, 1.00)
net: (0.00, 0.01, 0.13)
world: (0.00151, 0.02093, 0.13172)
time: 7.02
ori: (4.56, 359.70, 0.09)
a: (0.01, 0.08, 1.01)
g: (0.01, 0.08, 1.00)
net: (0.00, 0.01, 0.12)
world: (0.00125, 0.01885, 0.11745)
time: 7.12
ori: (4.51, 359.70, 0.09)
a: (0.01, 0.08, 1.01)
g: (0.01, 0.08, 1.00)
net: (0.00, 0.01, 0.13)
world: (0.00135, 0.01975, 0.12450)
time: 7.22
ori: (4.42, 359.79, 0.09)
a: (0.00, 0.08, 1.01)
g: (0.00, 0.08, 1.00)
net: (0.00, 0.01, 0.12)
world: (0.00087, 0.01828, 0.11744)
time: 7.32
ori: (4.48, 359.81, 0.09)
a: (0.00, 0.08, 1.01)
g: (0.00, 0.08, 1.00)
net: (0.00, 0.01, 0.11)
world: (0.00078, 0.01770, 0.11223)
time: 7.42
ori: (4.46, 359.80, 0.09)
a: (0.00, 0.08, 1.01)
g: (0.00, 0.08, 1.00)
net: (0.00, 0.01, 0.12)
world: (0.00082, 0.01796, 0.11438)
time: 7.52
ori: (4.43, 359.81, 0.09)
a: (0.00, 0.08, 1.01)
g: (0.00, 0.08, 1.00)
net: (0.00, 0.01, 0.12)
world: (0.00079, 0.01807, 0.11579)
time: 7.62
ori: (4.46, 359.67, 0.09)
a: (0.01, 0.08, 1.01)
g: (0.01, 0.08, 1.00)
net: (0.00, 0.01, 0.11)
world: (0.00126, 0.01668, 0.10617)
time: 7.72
ori: (4.44, 359.74, 0.09)
a: (0.00, 0.08, 1.01)
g: (0.00, 0.08, 1.00)
net: (0.00, 0.01, 0.13)
world: (0.00113, 0.01939, 0.12418)
time: 7.82
ori: (4.51, 359.78, 0.09)
a: (0.00, 0.08, 1.01)
g: (0.00, 0.08, 1.00)
net: (0.00, 0.01, 0.11)
world: (0.00083, 0.01694, 0.10670)
time: 7.92
ori: (4.45, 359.80, 0.09)
a: (0.00, 0.08, 1.01)
g: (0.00, 0.08, 1.00)
net: (0.00, 0.01, 0.11)
world: (0.00077, 0.01715, 0.10948)
time: 8.02
ori: (4.52, 359.80, 0.09)
a: (0.00, 0.08, 1.01)
g: (0.00, 0.08, 1.00)
net: (0.00, 0.01, 0.11)
world: (0.00074, 0.01663, 0.10447)
time: 8.12
ori: (4.53, 359.75, 0.09)
a: (0.00, 0.08, 1.01)
g: (0.00, 0.08, 1.00)
net: (0.00, 0.01, 0.10)
world: (0.00091, 0.01647, 0.10336)
time: 8.22
ori: (4.43, 359.81, 0.09)
a: (0.00, 0.08, 1.01)
g: (0.00, 0.08, 1.00)
net: (0.00, 0.01, 0.11)
world: (0.00074, 0.01714, 0.10984)
time: 8.32
ori: (4.42, 359.74, 0.10)
a: (0.00, 0.08, 1.01)
g: (0.00, 0.08, 1.00)
net: (0.00, 0.01, 0.09)
world: (0.00087, 0.01428, 0.09189)
time: 8.42
ori: (4.51, 359.85, 0.10)
a: (0.00, 0.08, 1.01)
g: (0.00, 0.08, 1.00)
net: (0.00, 0.01, 0.11)
world: (0.00059, 0.01784, 0.11252)
time: 8.52
ori: (4.50, 359.79, 0.11)
a: (0.00, 0.08, 1.01)
g: (0.00, 0.08, 1.00)
net: (0.00, 0.01, 0.11)
world: (0.00081, 0.01696, 0.10711)
time: 8.62
ori: (4.42, 359.79, 0.11)
a: (0.00, 0.08, 1.01)
g: (0.00, 0.08, 1.00)
net: (0.00, 0.01, 0.11)
world: (0.00081, 0.01690, 0.10855)
time: 8.72
ori: (4.47, 359.81, 0.12)
a: (0.00, 0.08, 1.01)
g: (0.00, 0.08, 1.00)
net: (0.00, 0.01, 0.11)
world: (0.00076, 0.01773, 0.11269)
time: 8.82
ori: (4.47, 359.74, 0.12)
a: (0.00, 0.08, 1.01)
g: (0.00, 0.08, 1.00)
net: (0.00, 0.01, 0.10)
world: (0.00095, 0.01597, 0.10148)
time: 8.92
ori: (4.48, 359.82, 0.12)
a: (0.00, 0.08, 1.01)
g: (0.00, 0.08, 1.00)
net: (0.00, 0.01, 0.12)
world: (0.00075, 0.01795, 0.11395)
time: 9.02
ori: (4.49, 359.81, 0.12)
a: (0.00, 0.08, 1.01)
g: (0.00, 0.08, 1.00)
net: (0.00, 0.01, 0.12)
world: (0.00079, 0.01815, 0.11477)
time: 9.12
ori: (4.52, 359.79, 0.12)
a: (0.00, 0.08, 1.01)
g: (0.00, 0.08, 1.00)
net: (0.00, 0.01, 0.12)
world: (0.00091, 0.01927, 0.12107)
time: 9.22
ori: (4.47, 359.74, 0.12)
a: (0.00, 0.08, 1.01)
g: (0.00, 0.08, 1.00)
net: (0.00, 0.01, 0.13)
world: (0.00115, 0.01968, 0.12516)
time: 9.32
ori: (4.55, 359.73, 0.13)
a: (0.00, 0.08, 1.01)
g: (0.00, 0.08, 1.00)
net: (0.00, 0.01, 0.12)
world: (0.00116, 0.01945, 0.12147)
time: 9.42
ori: (4.48, 359.77, 0.13)
a: (0.00, 0.08, 1.01)
g: (0.00, 0.08, 1.00)
net: (0.00, 0.01, 0.12)
world: (0.00101, 0.01947, 0.12350)
time: 9.52
ori: (4.43, 359.75, 0.13)
a: (0.00, 0.08, 1.01)
g: (0.00, 0.08, 1.00)
net: (0.00, 0.01, 0.12)
world: (0.00104, 0.01807, 0.11583)
time: 9.62
ori: (4.54, 359.74, 0.13)
a: (0.00, 0.08, 1.01)
g: (0.00, 0.08, 1.00)
net: (0.00, 0.01, 0.10)
world: (0.00093, 0.01609, 0.10060)
time: 9.72
ori: (4.52, 359.74, 0.14)
a: (0.00, 0.08, 1.01)
g: (0.00, 0.08, 1.00)
net: (0.00, 0.01, 0.12)
world: (0.00108, 0.01872, 0.11756)
time: 9.82
ori: (4.53, 359.73, 0.14)
a: (0.00, 0.08, 1.01)
g: (0.00, 0.08, 1.00)
net: (0.00, 0.01, 0.12)
world: (0.00114, 0.01867, 0.11707)
time: 9.92
ori: (4.56, 359.80, 0.14)
a: (0.00, 0.08, 1.01)
g: (0.00, 0.08, 1.00)
net: (0.00, 0.01, 0.12)
world: (0.00087, 0.01923, 0.11979)
time: 10.02
ori: (4.51, 359.68, 0.14)
a: (0.01, 0.08, 1.01)
g: (0.01, 0.08, 1.00)
net: (0.00, 0.01, 0.13)
world: (0.00145, 0.02017, 0.12696)
time: 10.12
ori: (4.48, 359.72, 0.14)
a: (0.01, 0.08, 1.01)
g: (0.00, 0.08, 1.00)
net: (0.00, 0.01, 0.11)
world: (0.00109, 0.01686, 0.10694)
time: 10.22
ori: (4.51, 359.75, 0.14)
a: (0.00, 0.08, 1.01)
g: (0.00, 0.08, 1.00)
net: (0.00, 0.01, 0.12)
world: (0.00104, 0.01845, 0.11620)
time: 10.32
ori: (4.47, 359.74, 0.14)
a: (0.00, 0.08, 1.01)
g: (0.00, 0.08, 1.00)
net: (0.00, 0.01, 0.11)
world: (0.00102, 0.01698, 0.10797)
time: 10.42
ori: (4.48, 359.71, 0.14)
a: (0.01, 0.08, 1.01)
g: (0.01, 0.08, 1.00)
net: (0.00, 0.01, 0.11)
world: (0.00116, 0.01778, 0.11284)
time: 10.52
ori: (4.56, 359.79, 0.14)
a: (0.00, 0.08, 1.01)
g: (0.00, 0.08, 1.00)
net: (0.00, 0.01, 0.13)
world: (0.00095, 0.01987, 0.12388)
time: 10.62
ori: (4.58, 359.74, 0.14)
a: (0.00, 0.08, 1.01)
g: (0.00, 0.08, 1.00)
net: (0.00, 0.01, 0.12)
world: (0.00113, 0.01977, 0.12249)
time: 10.72
ori: (4.52, 359.78, 0.14)
a: (0.00, 0.08, 1.01)
g: (0.00, 0.08, 1.00)
net: (0.00, 0.01, 0.12)
world: (0.00096, 0.01888, 0.11868)
time: 10.82
ori: (4.54, 359.79, 0.14)
a: (0.00, 0.08, 1.01)
g: (0.00, 0.08, 1.00)
net: (0.00, 0.01, 0.12)
world: (0.00088, 0.01843, 0.11535)
time: 10.92
ori: (4.51, 359.72, 0.15)
a: (0.01, 0.08, 1.01)
g: (0.00, 0.08, 1.00)
net: (0.00, 0.01, 0.12)
world: (0.00122, 0.01891, 0.11918)
time: 11.02
ori: (4.50, 359.73, 0.15)
a: (0.00, 0.08, 1.01)
g: (0.00, 0.08, 1.00)
net: (0.00, 0.01, 0.12)
world: (0.00113, 0.01848, 0.11668)
time: 11.12
ori: (4.50, 359.77, 0.15)
a: (0.00, 0.08, 1.01)
g: (0.00, 0.08, 1.00)
net: (0.00, 0.01, 0.12)
world: (0.00097, 0.01859, 0.11728)
time: 11.22
ori: (4.50, 359.72, 0.15)
a: (0.00, 0.08, 1.01)
g: (0.00, 0.08, 1.00)
net: (0.00, 0.01, 0.11)
world: (0.00114, 0.01793, 0.11315)
time: 11.32
ori: (4.47, 359.79, 0.14)
a: (0.00, 0.08, 1.01)
g: (0.00, 0.08, 1.00)
net: (0.00, 0.01, 0.13)
world: (0.00097, 0.02000, 0.12699)
time: 11.42
ori: (4.50, 359.75, 0.14)
a: (0.00, 0.08, 1.01)
g: (0.00, 0.08, 1.00)
net: (0.00, 0.01, 0.13)
world: (0.00113, 0.01990, 0.12559)
time: 11.52
ori: (4.52, 359.73, 0.14)
a: (0.00, 0.08, 1.01)
g: (0.00, 0.08, 1.00)
net: (0.00, 0.01, 0.11)
world: (0.00109, 0.01801, 0.11331)
time: 11.62
ori: (4.48, 359.74, 0.14)
a: (0.00, 0.08, 1.01)
g: (0.00, 0.08, 1.00)
net: (0.00, 0.01, 0.12)
world: (0.00114, 0.01931, 0.12239)
time: 11.72
ori: (4.50, 359.75, 0.15)
a: (0.00, 0.08, 1.01)
g: (0.00, 0.08, 1.00)
net: (0.00, 0.01, 0.11)
world: (0.00100, 0.01746, 0.11018)
time: 11.82
ori: (4.49, 359.81, 0.16)
a: (0.00, 0.08, 1.01)
g: (0.00, 0.08, 1.00)
net: (0.00, 0.01, 0.13)
world: (0.00088, 0.02011, 0.12719)
time: 11.92
ori: (4.44, 359.77, 0.16)
a: (0.00, 0.08, 1.01)
g: (0.00, 0.08, 1.00)
net: (0.00, 0.01, 0.12)
world: (0.00099, 0.01839, 0.11767)
time: 12.03
ori: (4.56, 359.73, 0.16)
a: (0.00, 0.08, 1.01)
g: (0.00, 0.08, 1.00)
net: (0.00, 0.01, 0.13)
world: (0.00127, 0.02064, 0.12868)
time: 12.13
ori: (4.48, 359.72, 0.16)
a: (0.00, 0.08, 1.01)
g: (0.00, 0.08, 1.00)
net: (0.00, 0.01, 0.12)
world: (0.00121, 0.01909, 0.12113)
time: 12.23
ori: (4.51, 359.77, 0.16)
a: (0.00, 0.08, 1.01)
g: (0.00, 0.08, 1.00)
net: (0.00, 0.01, 0.12)
world: (0.00101, 0.01907, 0.12027)
time: 12.33
ori: (4.53, 359.68, 0.17)
a: (0.01, 0.08, 1.01)
g: (0.01, 0.08, 1.00)
net: (0.00, 0.01, 0.13)
world: (0.00144, 0.01979, 0.12419)
time: 12.43
ori: (4.51, 359.71, 0.17)
a: (0.01, 0.08, 1.01)
g: (0.01, 0.08, 1.00)
net: (0.00, 0.01, 0.13)
world: (0.00132, 0.02002, 0.12626)
time: 12.53
ori: (4.49, 359.69, 0.17)
a: (0.01, 0.08, 1.01)
g: (0.01, 0.08, 1.00)
net: (0.00, 0.01, 0.13)
world: (0.00144, 0.02049, 0.12964)
time: 12.63
ori: (4.57, 359.72, 0.17)
a: (0.01, 0.08, 1.01)
g: (0.00, 0.08, 1.00)
net: (0.00, 0.01, 0.13)
world: (0.00132, 0.02083, 0.12945)
time: 12.73
ori: (4.54, 359.73, 0.17)
a: (0.00, 0.08, 1.01)
g: (0.00, 0.08, 1.00)
net: (0.00, 0.01, 0.13)
world: (0.00125, 0.02032, 0.12723)
time: 12.83
ori: (4.48, 359.75, 0.17)
a: (0.00, 0.08, 1.01)
g: (0.00, 0.08, 1.00)
net: (0.00, 0.01, 0.13)
world: (0.00122, 0.02103, 0.13355)
time: 12.93
ori: (4.51, 359.72, 0.17)
a: (0.01, 0.08, 1.01)
g: (0.00, 0.08, 1.00)
net: (0.00, 0.01, 0.12)
world: (0.00117, 0.01815, 0.11442)
time: 13.03
ori: (4.47, 359.74, 0.17)
a: (0.00, 0.08, 1.01)
g: (0.00, 0.08, 1.00)
net: (0.00, 0.01, 0.13)
world: (0.00120, 0.02016, 0.12816)
time: 13.13
ori: (4.51, 359.78, 0.17)
a: (0.00, 0.08, 1.01)
g: (0.00, 0.08, 1.00)
net: (0.00, 0.01, 0.13)
world: (0.00106, 0.02073, 0.13047)
time: 13.23
ori: (4.50, 359.72, 0.16)
a: (0.00, 0.08, 1.01)
g: (0.00, 0.08, 1.00)
net: (0.00, 0.01, 0.11)
world: (0.00114, 0.01793, 0.11315)
time: 13.33
ori: (4.48, 359.78, 0.16)
a: (0.00, 0.08, 1.01)
g: (0.00, 0.08, 1.00)
net: (0.00, 0.01, 0.13)
world: (0.00106, 0.02089, 0.13243)
time: 13.43
ori: (4.52, 359.71, 0.16)
a: (0.01, 0.08, 1.01)
g: (0.01, 0.08, 1.00)
net: (0.00, 0.01, 0.13)
world: (0.00132, 0.01993, 0.12526)
time: 13.53
ori: (4.49, 359.77, 0.16)
a: (0.00, 0.08, 1.01)
g: (0.00, 0.08, 1.00)
net: (0.00, 0.01, 0.12)
world: (0.00102, 0.01887, 0.11947)
time: 13.63
ori: (4.48, 359.79, 0.16)
a: (0.00, 0.08, 1.01)
g: (0.00, 0.08, 1.00)
net: (0.00, 0.01, 0.12)
world: (0.00094, 0.01935, 0.12286)
time: 13.73
ori: (4.55, 359.76, 0.16)
a: (0.00, 0.08, 1.01)
g: (0.00, 0.08, 1.00)
net: (0.00, 0.01, 0.13)
world: (0.00111, 0.02069, 0.12915)
time: 13.83
ori: (4.53, 359.70, 0.16)
a: (0.01, 0.08, 1.01)
g: (0.01, 0.08, 1.00)
net: (0.00, 0.01, 0.13)
world: (0.00134, 0.02002, 0.12544)
time: 13.93
ori: (4.50, 359.74, 0.16)
a: (0.00, 0.08, 1.01)
g: (0.00, 0.08, 1.00)
net: (0.00, 0.01, 0.13)
world: (0.00123, 0.02062, 0.13028)
time: 14.03
ori: (4.62, 359.67, 0.16)
a: (0.01, 0.08, 1.01)
g: (0.01, 0.08, 1.00)
net: (0.00, 0.01, 0.13)
world: (0.00157, 0.02144, 0.13189)
time: 14.13
ori: (4.47, 359.71, 0.16)
a: (0.01, 0.08, 1.01)
g: (0.00, 0.08, 1.00)
net: (0.00, 0.01, 0.13)
world: (0.00133, 0.02028, 0.12881)
time: 14.23
ori: (4.55, 359.68, 0.17)
a: (0.01, 0.08, 1.01)
g: (0.01, 0.08, 1.00)
net: (0.00, 0.01, 0.14)
world: (0.00158, 0.02209, 0.13806)
time: 14.33
ori: (4.52, 359.68, 0.17)
a: (0.01, 0.08, 1.01)
g: (0.01, 0.08, 1.00)
net: (0.00, 0.01, 0.13)
world: (0.00154, 0.02128, 0.13363)
time: 14.43
ori: (4.48, 359.72, 0.17)
a: (0.01, 0.08, 1.01)
g: (0.00, 0.08, 1.00)
net: (0.00, 0.01, 0.13)
world: (0.00132, 0.02042, 0.12948)
time: 14.53
ori: (4.50, 359.73, 0.17)
a: (0.00, 0.08, 1.01)
g: (0.00, 0.08, 1.00)
net: (0.00, 0.01, 0.12)
world: (0.00117, 0.01876, 0.11845)
time: 14.63
ori: (4.56, 359.68, 0.17)
a: (0.01, 0.08, 1.01)
g: (0.01, 0.08, 1.00)
net: (0.00, 0.01, 0.14)
world: (0.00154, 0.02165, 0.13474)
time: 14.73
ori: (4.48, 359.76, 0.17)
a: (0.00, 0.08, 1.01)
g: (0.00, 0.08, 1.00)
net: (0.00, 0.01, 0.13)
world: (0.00114, 0.02048, 0.13000)
time: 14.83
ori: (4.47, 359.74, 0.17)
a: (0.00, 0.08, 1.01)
g: (0.00, 0.08, 1.00)
net: (0.00, 0.01, 0.13)
world: (0.00117, 0.01998, 0.12697)
time: 14.93
ori: (4.48, 359.69, 0.17)
a: (0.01, 0.08, 1.01)
g: (0.01, 0.08, 1.00)
net: (0.00, 0.01, 0.13)
world: (0.00145, 0.02063, 0.13073)
time: 15.03
ori: (4.52, 359.71, 0.18)
a: (0.01, 0.08, 1.01)
g: (0.00, 0.08, 1.00)
net: (0.00, 0.01, 0.13)
world: (0.00136, 0.02099, 0.13183)
time: 15.13
ori: (4.55, 359.77, 0.17)
a: (0.00, 0.08, 1.01)
g: (0.00, 0.08, 1.00)
net: (0.00, 0.01, 0.13)
world: (0.00110, 0.02127, 0.13273)
time: 15.23
ori: (4.34, 358.90, 0.29)
a: (0.02, 0.08, 1.01)
g: (0.02, 0.08, 1.00)
net: (0.00, 0.01, 0.12)
world: (0.00460, 0.01800, 0.11800)
time: 15.33
ori: (4.48, 359.72, 0.28)
a: (0.01, 0.08, 1.01)
g: (0.00, 0.08, 1.00)
net: (0.00, 0.01, 0.13)
world: (0.00136, 0.02058, 0.13062)
time: 15.43
ori: (4.50, 359.80, 0.29)
a: (0.00, 0.08, 1.01)
g: (0.00, 0.08, 1.00)
net: (0.00, 0.01, 0.13)
world: (0.00093, 0.01995, 0.12606)
time: 15.53
ori: (4.94, 359.22, 359.98)
a: (0.01, 0.09, 1.01)
g: (0.01, 0.09, 1.00)
net: (0.00, 0.01, 0.16)
world: (0.00437, 0.02770, 0.15889)
time: 15.63
ori: (3.78, 358.71, 359.54)
a: (0.02, 0.07, 1.07)
g: (0.02, 0.07, 1.00)
net: (0.01, 0.04, 0.66)
world: (0.02940, 0.08722, 0.65663)
time: 15.73
ori: (2.33, 0.85, 359.06)
a: (-0.01, 0.04, 1.01)
g: (-0.01, 0.04, 1.00)
net: (-0.00, 0.00, 0.09)
world: (-0.00262, 0.00699, 0.08616)
time: 15.83
ori: (0.66, 358.37, 357.72)
a: (0.03, 0.01, 0.99)
g: (0.03, 0.01, 1.00)
net: (-0.00, -0.00, -0.05)
world: (-0.00267, -0.00115, -0.04741)
time: 15.93
ori: (0.52, 356.24, 356.84)
a: (0.07, 0.01, 1.04)
g: (0.07, 0.01, 1.00)
net: (0.03, 0.00, 0.42)
world: (0.05499, 0.00915, 0.41869)
time: 16.04
ori: (359.85, 357.04, 356.45)
a: (0.05, -0.00, 0.95)
g: (0.05, -0.00, 1.00)
net: (-0.03, 0.00, -0.51)
world: (-0.05247, 0.00099, -0.50640)
time: 16.14
ori: (359.74, 358.58, 355.89)
a: (0.03, -0.00, 1.03)
g: (0.02, -0.00, 1.00)
net: (0.01, -0.00, 0.29)
world: (0.01433, -0.00211, 0.28725)
time: 16.24
ori: (359.76, 357.41, 355.49)
a: (0.05, -0.00, 1.02)
g: (0.05, -0.00, 1.00)
net: (0.01, -0.00, 0.24)
world: (0.02170, -0.00117, 0.23871)
time: 16.34
ori: (1.56, 355.32, 354.89)
a: (0.08, 0.03, 1.01)
g: (0.08, 0.03, 1.00)
net: (0.01, 0.00, 0.18)
world: (0.02862, 0.01093, 0.17628)
time: 16.44
ori: (1.21, 351.57, 354.02)
a: (0.15, 0.02, 1.04)
g: (0.15, 0.02, 0.99)
net: (0.07, 0.01, 0.50)
world: (0.14597, 0.02872, 0.48614)
time: 16.54
ori: (358.99, 349.97, 354.20)
a: (0.17, -0.02, 0.98)
g: (0.17, -0.02, 0.98)
net: (-0.00, 0.00, -0.01)
world: (-0.00249, 0.00012, -0.00683)
time: 16.64
ori: (359.48, 353.78, 354.32)
a: (0.11, -0.01, 1.00)
g: (0.11, -0.01, 0.99)
net: (0.01, -0.00, 0.10)
world: (0.02262, -0.00074, 0.10239)
time: 16.74
ori: (2.79, 357.51, 356.22)
a: (0.04, 0.05, 1.03)
g: (0.04, 0.05, 1.00)
net: (0.01, 0.02, 0.32)
world: (0.02698, 0.03232, 0.32062)
time: 16.84
ori: (3.63, 0.23, 358.39)
a: (-0.00, 0.06, 0.96)
g: (-0.00, 0.06, 1.00)
net: (0.00, -0.02, -0.34)
world: (0.00340, -0.04347, -0.34160)
time: 16.94
ori: (4.48, 0.77, 0.58)
a: (-0.01, 0.08, 1.01)
g: (-0.01, 0.08, 1.00)
net: (-0.00, 0.01, 0.09)
world: (-0.00223, 0.01333, 0.08449)
time: 17.03
ori: (4.20, 0.30, 2.63)
a: (-0.01, 0.07, 1.01)
g: (-0.01, 0.07, 1.00)
net: (-0.00, 0.01, 0.12)
world: (-0.00083, 0.01707, 0.11538)
time: 17.13
ori: (3.72, 0.60, 5.70)
a: (-0.01, 0.07, 1.05)
g: (-0.01, 0.06, 1.00)
net: (-0.01, 0.03, 0.51)
world: (-0.00746, 0.06701, 0.51063)
time: 17.23
ori: (3.01, 357.26, 8.60)
a: (0.05, 0.05, 1.03)
g: (0.05, 0.05, 1.00)
net: (0.02, 0.02, 0.33)
world: (0.03427, 0.03237, 0.33058)
time: 17.33
ori: (359.34, 355.90, 11.53)
a: (0.07, -0.01, 0.99)
g: (0.07, -0.01, 1.00)
net: (-0.00, 0.00, -0.04)
world: (-0.00517, 0.00137, -0.03678)
time: 17.43
ori: (357.80, 350.02, 14.60)
a: (0.18, -0.04, 1.01)
g: (0.17, -0.04, 0.98)
net: (0.04, -0.01, 0.25)
world: (0.08170, -0.02930, 0.23493)
time: 17.53
ori: (353.93, 358.33, 16.44)
a: (0.03, -0.10, 0.96)
g: (0.03, -0.11, 0.99)
net: (-0.01, 0.03, -0.31)
world: (-0.00838, 0.06659, -0.30362)
time: 17.63
ori: (356.04, 354.05, 15.93)
a: (0.10, -0.07, 0.95)
g: (0.10, -0.07, 0.99)
net: (-0.04, 0.03, -0.39)
world: (-0.07237, 0.06403, -0.38320)
time: 17.73
ori: (357.31, 353.79, 14.88)
a: (0.12, -0.05, 1.14)
g: (0.11, -0.05, 0.99)
net: (0.16, -0.07, 1.47)
world: (0.29555, -0.17620, 1.44108)
time: 17.83
ori: (355.61, 6.41, 12.36)
a: (-0.13, -0.09, 1.14)
g: (-0.11, -0.08, 0.99)
net: (-0.16, -0.11, 1.43)
world: (-0.33955, -0.18050, 1.39105)
time: 17.93
ori: (347.71, 356.61, 11.71)
a: (0.06, -0.22, 1.00)
g: (0.06, -0.21, 0.98)
net: (0.02, -0.06, 0.27)
world: (0.02029, -0.11845, 0.25303)
time: 18.04
ori: (348.91, 346.58, 12.36)
a: (0.24, -0.20, 0.99)
g: (0.23, -0.19, 0.95)
net: (0.09, -0.08, 0.37)
world: (0.15880, -0.15979, 0.32006)
time: 18.14
ori: (348.40, 353.03, 12.78)
a: (0.12, -0.21, 1.00)
g: (0.12, -0.20, 0.97)
net: (0.03, -0.06, 0.27)
world: (0.05398, -0.11600, 0.25032)
time: 18.24
ori: (348.31, 353.51, 12.97)
a: (0.11, -0.20, 0.98)
g: (0.11, -0.20, 0.97)
net: (0.01, -0.01, 0.06)
world: (0.01128, -0.02689, 0.05686)
time: 18.34
ori: (349.20, 352.19, 13.43)
a: (0.14, -0.19, 1.00)
g: (0.14, -0.19, 0.97)
net: (0.04, -0.05, 0.28)
world: (0.06339, -0.11209, 0.25658)
time: 18.44
ori: (348.35, 354.03, 13.57)
a: (0.11, -0.20, 0.98)
g: (0.10, -0.20, 0.97)
net: (0.01, -0.02, 0.10)
world: (0.01597, -0.04251, 0.09186)
time: 18.54
ori: (349.65, 354.80, 13.74)
a: (0.09, -0.18, 0.98)
g: (0.09, -0.18, 0.98)
net: (0.00, -0.01, 0.05)
world: (0.00715, -0.01972, 0.04871)
time: 18.64
ori: (348.83, 353.91, 13.81)
a: (0.11, -0.20, 0.99)
g: (0.11, -0.19, 0.98)
net: (0.01, -0.02, 0.11)
world: (0.01791, -0.04447, 0.10039)
time: 18.74
ori: (347.99, 353.83, 14.15)
a: (0.11, -0.21, 0.99)
g: (0.11, -0.21, 0.97)
net: (0.01, -0.03, 0.13)
world: (0.02125, -0.05726, 0.11943)
time: 18.84
ori: (348.97, 353.95, 14.28)
a: (0.11, -0.20, 1.00)
g: (0.11, -0.19, 0.98)
net: (0.03, -0.06, 0.28)
world: (0.04552, -0.11356, 0.26140)
time: 18.94
ori: (348.92, 354.84, 14.50)
a: (0.09, -0.19, 0.98)
g: (0.09, -0.19, 0.98)
net: (0.00, -0.00, 0.00)
world: (0.00049, -0.00165, 0.00306)
time: 19.04
ori: (349.47, 358.31, 14.61)
a: (0.03, -0.18, 0.99)
g: (0.03, -0.18, 0.98)
net: (0.00, -0.01, 0.05)
world: (0.00058, -0.01844, 0.04760)
time: 19.14
ori: (351.16, 3.33, 15.15)
a: (-0.06, -0.16, 1.03)
g: (-0.06, -0.15, 0.99)
net: (-0.03, -0.07, 0.47)
world: (-0.07308, -0.13427, 0.45069)
time: 19.24
ori: (352.04, 9.92, 15.22)
a: (-0.18, -0.15, 1.02)
g: (-0.17, -0.14, 0.98)
net: (-0.09, -0.07, 0.48)
world: (-0.18250, -0.10705, 0.44769)
time: 19.34
ori: (353.30, 7.51, 13.99)
a: (-0.14, -0.12, 1.02)
g: (-0.13, -0.12, 0.98)
net: (-0.05, -0.04, 0.36)
world: (-0.10334, -0.07043, 0.34320)
time: 19.44
ori: (357.50, 7.60, 11.81)
a: (-0.14, -0.05, 1.06)
g: (-0.13, -0.04, 0.99)
net: (-0.09, -0.03, 0.71)
world: (-0.19160, -0.04127, 0.68696)
time: 19.54
ori: (357.73, 3.59, 10.33)
a: (-0.06, -0.04, 1.02)
g: (-0.06, -0.04, 1.00)
net: (-0.02, -0.01, 0.27)
world: (-0.03535, -0.01807, 0.26718)
time: 19.64
ori: (358.27, 4.77, 9.13)
a: (-0.08, -0.03, 0.99)
g: (-0.08, -0.03, 1.00)
net: (0.00, 0.00, -0.03)
world: (0.00446, 0.00122, -0.02592)
time: 19.74
ori: (355.53, 358.76, 7.13)
a: (0.02, -0.07, 0.85)
g: (0.02, -0.08, 1.00)
net: (-0.03, 0.11, -1.46)
world: (-0.04866, 0.23008, -1.44337)
time: 19.84
ori: (357.88, 357.54, 5.94)
a: (0.04, -0.03, 0.94)
g: (0.04, -0.04, 1.00)
net: (-0.02, 0.02, -0.55)
world: (-0.04490, 0.04295, -0.54686)
time: 19.94
ori: (358.56, 357.41, 5.42)
a: (0.05, -0.03, 1.03)
g: (0.05, -0.03, 1.00)
net: (0.01, -0.01, 0.31)
world: (0.02689, -0.01668, 0.30527)
time: 20.04
ori: (357.45, 356.32, 4.91)
a: (0.07, -0.05, 1.01)
g: (0.06, -0.04, 1.00)
net: (0.01, -0.01, 0.17)
world: (0.02155, -0.01632, 0.17150)
time: 20.14
ori: (356.94, 348.95, 4.41)
a: (0.19, -0.05, 0.96)
g: (0.19, -0.05, 0.98)
net: (-0.04, 0.01, -0.22)
world: (-0.08213, 0.02592, -0.20400)
time: 20.24
ori: (354.21, 347.81, 3.24)
a: (0.23, -0.11, 1.06)
g: (0.21, -0.10, 0.97)
net: (0.19, -0.09, 0.86)
world: (0.35907, -0.18007, 0.78732)
time: 20.34
ori: (354.54, 354.57, 3.98)
a: (0.10, -0.10, 1.02)
g: (0.09, -0.10, 0.99)
net: (0.03, -0.03, 0.31)
world: (0.05577, -0.05984, 0.29680)
time: 20.44
ori: (356.08, 356.51, 5.00)
a: (0.06, -0.07, 1.02)
g: (0.06, -0.07, 1.00)
net: (0.01, -0.02, 0.24)
world: (0.02790, -0.03414, 0.23807)
time: 20.54
ori: (356.96, 0.07, 6.16)
a: (-0.00, -0.05, 1.03)
g: (-0.00, -0.05, 1.00)
net: (-0.00, -0.02, 0.35)
world: (-0.00280, -0.03678, 0.34703)
time: 20.64
ori: (357.75, 1.50, 6.12)
a: (-0.02, -0.04, 0.94)
g: (-0.03, -0.04, 1.00)
net: (0.01, 0.02, -0.53)
world: (0.03012, 0.04027, -0.53281)
time: 20.74
ori: (358.18, 1.31, 5.85)
a: (-0.02, -0.03, 1.01)
g: (-0.02, -0.03, 1.00)
net: (-0.00, -0.00, 0.11)
world: (-0.00531, -0.00663, 0.10845)
time: 20.84
ori: (357.83, 357.64, 5.67)
a: (0.04, -0.04, 0.97)
g: (0.04, -0.04, 1.00)
net: (-0.01, 0.01, -0.25)
world: (-0.01926, 0.01947, -0.24395)
time: 20.94
ori: (359.97, 4.50, 6.02)
a: (-0.08, -0.00, 1.01)
g: (-0.08, -0.00, 1.00)
net: (-0.01, -0.00, 0.18)
world: (-0.02743, 0.00128, 0.17355)
time: 21.04
ori: (1.11, 359.95, 5.93)
a: (0.00, 0.02, 0.97)
g: (0.00, 0.02, 1.00)
net: (-0.00, -0.01, -0.28)
world: (-0.00110, -0.01096, -0.28359)
time: 21.14
ori: (3.19, 2.79, 5.02)
a: (-0.05, 0.06, 1.01)
g: (-0.05, 0.06, 1.00)
net: (-0.01, 0.01, 0.12)
world: (-0.01067, 0.01331, 0.11450)
time: 21.24
ori: (4.88, 359.48, 5.14)
a: (0.01, 0.09, 1.01)
g: (0.01, 0.09, 1.00)
net: (0.00, 0.01, 0.11)
world: (0.00272, 0.01794, 0.10490)
time: 21.34
ori: (5.48, 358.77, 7.35)
a: (0.02, 0.09, 0.99)
g: (0.02, 0.10, 1.00)
net: (-0.00, -0.01, -0.06)
world: (-0.00314, -0.01070, -0.05626)
time: 21.44
ori: (3.52, 356.67, 7.54)
a: (0.06, 0.06, 1.01)
g: (0.06, 0.06, 1.00)
net: (0.01, 0.01, 0.12)
world: (0.01531, 0.01415, 0.12232)
time: 21.54
ori: (3.43, 356.59, 7.61)
a: (0.06, 0.06, 1.01)
g: (0.06, 0.06, 1.00)
net: (0.01, 0.01, 0.10)
world: (0.01328, 0.01164, 0.10382)
time: 21.64
ori: (3.46, 356.68, 7.68)
a: (0.06, 0.06, 1.01)
g: (0.06, 0.06, 1.00)
net: (0.01, 0.01, 0.12)
world: (0.01437, 0.01306, 0.11514)
time: 21.74
ori: (3.47, 356.64, 7.74)
a: (0.06, 0.06, 1.01)
g: (0.06, 0.06, 1.00)
net: (0.01, 0.01, 0.12)
world: (0.01448, 0.01301, 0.11449)
time: 21.84
ori: (3.38, 356.58, 7.79)
a: (0.06, 0.06, 1.01)
g: (0.06, 0.06, 1.00)
net: (0.01, 0.01, 0.11)
world: (0.01418, 0.01220, 0.11058)
time: 21.94
ori: (3.40, 356.64, 7.82)
a: (0.06, 0.06, 1.01)
g: (0.06, 0.06, 1.00)
net: (0.01, 0.01, 0.13)
world: (0.01620, 0.01426, 0.12850)
time: 22.04
ori: (3.37, 356.64, 7.86)
a: (0.06, 0.06, 1.01)
g: (0.06, 0.06, 1.00)
net: (0.01, 0.01, 0.11)
world: (0.01364, 0.01189, 0.10812)
time: 22.14
ori: (3.42, 356.57, 7.89)
a: (0.06, 0.06, 1.01)
g: (0.06, 0.06, 1.00)
net: (0.01, 0.01, 0.10)
world: (0.01285, 0.01112, 0.09977)
time: 22.24
ori: (3.35, 356.65, 7.92)
a: (0.06, 0.06, 1.01)
g: (0.06, 0.06, 1.00)
net: (0.01, 0.01, 0.11)
world: (0.01343, 0.01165, 0.10668)
time: 22.34
ori: (3.38, 356.64, 7.94)
a: (0.06, 0.06, 1.01)
g: (0.06, 0.06, 1.00)
net: (0.01, 0.01, 0.11)
world: (0.01396, 0.01220, 0.11061)
time: 22.45
ori: (3.42, 356.66, 7.96)
a: (0.06, 0.06, 1.01)
g: (0.06, 0.06, 1.00)
net: (0.01, 0.01, 0.12)
world: (0.01493, 0.01326, 0.11899)
time: 22.55
ori: (3.49, 356.61, 7.98)
a: (0.06, 0.06, 1.01)
g: (0.06, 0.06, 1.00)
net: (0.01, 0.01, 0.11)
world: (0.01407, 0.01254, 0.11015)
