time: 0.00
ori: (4.24, 2.74, 359.81)
a: (-0.05, 0.07, 1.00)
g: (-0.05, 0.07, 1.00)
net: (-0.00, 0.00, 0.01)
world: (-0.00000, 0.00000, 0.00719)
time: 0.10
ori: (3.87, 3.24, 359.74)
a: (-0.06, 0.07, 1.01)
g: (-0.06, 0.07, 1.00)
net: (-0.00, 0.00, 0.02)
world: (-0.00000, 0.00000, 0.01883)
time: 0.20
ori: (3.94, 3.13, 359.60)
a: (-0.06, 0.07, 1.01)
g: (-0.05, 0.07, 1.00)
net: (-0.00, 0.00, 0.02)
world: (-0.00000, 0.00000, 0.01753)
time: 0.30
ori: (3.93, 2.77, 359.44)
a: (-0.05, 0.07, 1.01)
g: (-0.05, 0.07, 1.00)
net: (-0.00, 0.00, 0.01)
world: (-0.00000, 0.00000, 0.00959)
time: 0.40
ori: (3.70, 2.61, 359.30)
a: (-0.05, 0.07, 1.02)
g: (-0.05, 0.06, 1.00)
net: (-0.00, 0.00, 0.02)
world: (-0.00000, 0.00000, 0.02057)
time: 0.50
ori: (4.06, 2.76, 359.08)
a: (-0.05, 0.07, 1.00)
g: (-0.05, 0.07, 1.00)
net: (-0.00, 0.00, 0.01)
world: (-0.00000, 0.00000, 0.00791)
time: 0.60
ori: (3.59, 0.92, 358.73)
a: (-0.02, 0.06, 1.03)
g: (-0.02, 0.06, 1.00)
net: (-0.00, 0.00, 0.03)
world: (-0.00000, 0.00000, 0.02895)
time: 0.70
ori: (0.20, 7.23, 356.89)
a: (-0.12, 0.00, 0.93)
g: (-0.13, 0.00, 0.99)
net: (0.01, -0.00, -0.06)
world: (-0.00000, -0.00000, -0.05891)
time: 0.80
ori: (358.61, 61.86, 354.34)
a: (-1.85, -0.05, 0.99)
g: (-0.88, -0.02, 0.47)
net: (-0.97, -0.03, 0.52)
world: (-0.00199, -0.01400, 1.09678)
time: 0.90
ori: (351.74, 337.98, 13.59)
a: (0.82, -0.31, -2.00)
g: (0.37, -0.14, 0.92)
net: (0.44, -0.17, -2.92)
world: (1.58095, -0.22192, -2.48772)
time: 1.00
ori: (8.03, 294.95, 18.05)
a: (1.71, 0.26, 0.75)
g: (0.91, 0.14, 0.42)
net: (0.80, 0.12, 0.33)
world: (-0.00053, 0.07991, 0.87583)
time: 1.10
ori: (350.96, 341.74, 8.17)
a: (0.33, -0.17, 1.00)
g: (0.31, -0.16, 0.94)
net: (0.02, -0.01, 0.06)
world: (0.00050, -0.00065, 0.06213)
time: 1.21
ori: (350.88, 23.14, 2.13)
a: (-0.40, -0.16, 0.93)
g: (-0.39, -0.16, 0.91)
net: (-0.01, -0.00, 0.02)
world: (-0.00080, -0.00073, 0.02578)
time: 1.31
ori: (353.41, 24.49, 358.63)
a: (-0.45, -0.13, 0.99)
g: (-0.41, -0.11, 0.90)
net: (-0.04, -0.01, 0.08)
world: (-0.00054, -0.00109, 0.09108)
time: 1.41
ori: (354.97, 18.44, 358.72)
a: (-0.38, -0.11, 1.13)
g: (-0.32, -0.09, 0.94)
net: (-0.06, -0.02, 0.19)
world: (-0.00015, -0.00094, 0.19967)
time: 1.51
ori: (357.61, 11.48, 359.54)
a: (-0.20, -0.04, 0.99)
g: (-0.20, -0.04, 0.98)
net: (-0.00, -0.00, 0.01)
world: (-0.00001, -0.00001, 0.01050)
time: 1.61
ori: (359.99, 4.25, 359.58)
a: (-0.07, -0.00, 0.99)
g: (-0.07, -0.00, 1.00)
net: (0.00, 0.00, -0.01)
world: (0.00000, 0.00000, -0.00691)
time: 1.71
ori: (0.29, 0.45, 359.95)
a: (-0.01, 0.01, 0.99)
g: (-0.01, 0.01, 1.00)
net: (0.00, -0.00, -0.01)
world: (-0.00000, -0.00000, -0.00966)
time: 1.81
ori: (359.90, 2.92, 359.58)
a: (-0.05, -0.00, 1.02)
g: (-0.05, -0.00, 1.00)
net: (-0.00, -0.00, 0.02)
world: (-0.00000, -0.00000, 0.02373)
time: 1.91
ori: (359.44, 2.69, 359.40)
a: (-0.05, -0.01, 1.03)
g: (-0.05, -0.01, 1.00)
net: (-0.00, -0.00, 0.03)
world: (-0.00000, -0.00000, 0.02920)
time: 2.01
ori: (359.78, 3.17, 359.33)
a: (-0.05, -0.00, 0.99)
g: (-0.06, -0.00, 1.00)
net: (0.00, 0.00, -0.01)
world: (-0.00000, 0.00000, -0.01136)
time: 2.11
ori: (359.43, 2.30, 359.11)
a: (-0.04, -0.01, 1.01)
g: (-0.04, -0.01, 1.00)
net: (-0.00, -0.00, 0.01)
world: (-0.00000, -0.00000, 0.00721)
time: 2.21
ori: (359.31, 1.03, 358.94)
a: (-0.02, -0.01, 1.03)
g: (-0.02, -0.01, 1.00)
net: (-0.00, -0.00, 0.03)
world: (-0.00000, -0.00000, 0.03008)
time: 2.31
ori: (358.60, 355.56, 356.51)
a: (0.08, -0.02, 1.01)
g: (0.08, -0.02, 1.00)
net: (0.00, -0.00, 0.01)
world: (0.00000, -0.00000, 0.01091)
time: 2.41
ori: (329.30, 56.83, 353.65)
a: (-2.00, -1.22, 0.47)
g: (-0.84, -0.51, 0.47)
net: (-1.16, -0.71, 0.00)
world: (-0.39858, -0.56919, 1.17160)
time: 2.51
ori: (2.27, 44.96, 355.80)
a: (-2.00, 0.11, -2.00)
g: (-0.71, 0.04, 0.71)
net: (-1.29, 0.07, -2.71)
world: (-2.80380, 0.38578, -0.99829)
time: 2.61
ori: (345.57, 29.54, 353.38)
a: (-0.38, -0.19, 0.64)
g: (-0.49, -0.25, 0.84)
net: (0.12, 0.06, -0.21)
world: (-0.00353, 0.00619, -0.24491)
time: 2.71
ori: (354.30, 1.50, 353.85)
a: (-0.03, -0.11, 1.05)
g: (-0.03, -0.10, 0.99)
net: (-0.00, -0.01, 0.06)
world: (-0.00000, -0.00000, 0.05950)
time: 2.81
ori: (354.38, 7.82, 355.14)
a: (-0.14, -0.10, 1.01)
g: (-0.14, -0.10, 0.99)
net: (-0.00, -0.00, 0.03)
world: (-0.00001, -0.00003, 0.02671)
time: 2.91
ori: (355.25, 1.77, 355.52)
a: (-0.03, -0.08, 0.98)
g: (-0.03, -0.08, 1.00)
net: (0.00, 0.00, -0.02)
world: (-0.00000, 0.00000, -0.02052)
time: 3.01
ori: (354.62, 8.38, 355.83)
a: (-0.15, -0.10, 1.02)
g: (-0.15, -0.09, 0.98)
net: (-0.01, -0.00, 0.03)
world: (-0.00002, -0.00004, 0.03424)
time: 3.11
ori: (355.66, 6.55, 355.55)
a: (-0.12, -0.08, 1.06)
g: (-0.11, -0.08, 0.99)
net: (-0.01, -0.01, 0.07)
world: (-0.00001, -0.00004, 0.07158)
time: 3.21
ori: (355.68, 6.83, 356.09)
a: (-0.12, -0.08, 1.03)
g: (-0.12, -0.08, 0.99)
net: (-0.00, -0.00, 0.04)
world: (-0.00001, -0.00003, 0.04184)
time: 3.31
ori: (355.16, 349.76, 359.43)
a: (0.18, -0.09, 1.01)
g: (0.18, -0.08, 0.98)
net: (0.00, -0.00, 0.03)
world: (0.00002, -0.00004, 0.02585)
time: 3.41
ori: (347.74, 315.25, 342.47)
a: (1.14, -0.34, 1.10)
g: (0.70, -0.21, 0.69)
net: (0.44, -0.13, 0.41)
world: (-0.00108, -0.04476, 0.60936)
time: 3.51
ori: (347.06, 70.47, 341.06)
a: (-2.00, -0.48, 0.53)
g: (-0.94, -0.22, 0.33)
net: (-1.06, -0.25, 0.20)
world: (-0.17449, -0.15142, 1.08094)
time: 3.61
ori: (359.22, 1.40, 340.99)
a: (-0.03, -0.02, 1.27)
g: (-0.02, -0.01, 1.00)
net: (-0.01, -0.00, 0.27)
world: (-0.00000, -0.00000, 0.26759)
time: 3.71
ori: (355.11, 11.74, 341.58)
a: (-0.19, -0.08, 0.91)
g: (-0.20, -0.09, 0.98)
net: (0.01, 0.01, -0.06)
world: (0.00000, 0.00011, -0.06455)
time: 3.81
ori: (357.40, 3.36, 342.12)
a: (-0.06, -0.05, 1.01)
g: (-0.06, -0.05, 1.00)
net: (-0.00, -0.00, 0.01)
world: (-0.00000, -0.00000, 0.01303)
time: 3.91
ori: (358.64, 3.18, 342.13)
a: (-0.05, -0.02, 0.96)
g: (-0.06, -0.02, 1.00)
net: (0.00, 0.00, -0.04)
world: (0.00000, 0.00000, -0.03689)
time: 4.01
ori: (357.39, 5.24, 342.50)
a: (-0.10, -0.05, 1.04)
g: (-0.09, -0.05, 0.99)
net: (-0.00, -0.00, 0.04)
world: (-0.00000, -0.00001, 0.04236)
time: 4.11
ori: (357.64, 5.35, 343.15)
a: (-0.09, -0.04, 1.01)
g: (-0.09, -0.04, 0.99)
net: (-0.00, -0.00, 0.02)
world: (-0.00000, -0.00000, 0.01946)
time: 4.21
ori: (357.82, 7.82, 343.36)
a: (-0.13, -0.04, 0.96)
g: (-0.14, -0.04, 0.99)
net: (0.00, 0.00, -0.03)
world: (0.00000, 0.00001, -0.02816)
time: 4.31
ori: (357.48, 1.93, 343.53)
a: (-0.04, -0.05, 1.06)
g: (-0.03, -0.04, 1.00)
net: (-0.00, -0.00, 0.06)
world: (-0.00000, -0.00000, 0.05888)
time: 4.41
ori: (357.72, 5.04, 343.32)
a: (-0.09, -0.04, 1.04)
g: (-0.09, -0.04, 1.00)
net: (-0.00, -0.00, 0.04)
world: (-0.00000, -0.00001, 0.04147)
time: 4.51
ori: (356.77, 4.94, 343.26)
a: (-0.09, -0.06, 0.99)
g: (-0.09, -0.06, 0.99)
net: (0.00, 0.00, -0.00)
world: (-0.00000, 0.00000, -0.00419)
time: 4.61
ori: (5.63, 5.25, 343.25)
a: (-0.09, 0.10, 0.98)
g: (-0.09, 0.10, 0.99)
net: (0.00, -0.00, -0.01)
world: (-0.00000, 0.00000, -0.00737)
time: 4.71
ori: (34.75, 1.60, 341.35)
a: (-0.07, 1.39, -2.00)
g: (-0.03, 0.57, 0.82)
net: (-0.04, 0.82, -2.82)
world: (0.64246, 2.19014, -1.84974)
time: 4.81
ori: (305.79, 16.02, 336.96)
a: (-0.37, -1.10, 0.70)
g: (-0.28, -0.81, 0.56)
net: (-0.10, -0.29, 0.14)
world: (-0.02958, -0.04997, 0.32736)
time: 4.91
ori: (327.15, 1.82, 334.26)
a: (-0.03, -0.43, 0.67)
g: (-0.03, -0.54, 0.84)
net: (0.01, 0.11, -0.17)
world: (-0.00002, -0.00002, -0.20440)
time: 5.02
ori: (346.56, 2.32, 335.19)
a: (-0.04, -0.25, 1.03)
g: (-0.04, -0.23, 0.97)
net: (-0.00, -0.01, 0.06)
world: (-0.00001, -0.00002, 0.05898)
time: 5.12
ori: (2.37, 0.01, 336.23)
a: (-0.00, 0.05, 1.10)
g: (-0.00, 0.04, 1.00)
net: (-0.00, 0.00, 0.10)
world: (0.00000, 0.00000, 0.10006)
time: 5.21
ori: (358.65, 2.03, 335.59)
a: (-0.04, -0.02, 1.04)
g: (-0.04, -0.02, 1.00)
net: (-0.00, -0.00, 0.04)
world: (-0.00000, -0.00000, 0.04147)
time: 5.31
ori: (356.46, 7.62, 335.56)
a: (-0.13, -0.06, 0.95)
g: (-0.13, -0.06, 0.99)
net: (0.01, 0.00, -0.04)
world: (0.00000, 0.00002, -0.04025)
time: 5.42
ori: (358.08, 3.43, 335.54)
a: (-0.06, -0.03, 1.03)
g: (-0.06, -0.03, 1.00)
net: (-0.00, -0.00, 0.04)
world: (-0.00000, -0.00000, 0.03650)
time: 5.52
ori: (357.82, 3.39, 335.64)
a: (-0.06, -0.04, 1.02)
g: (-0.06, -0.04, 1.00)
net: (-0.00, -0.00, 0.02)
world: (-0.00000, -0.00000, 0.01838)
time: 5.62
ori: (356.24, 2.71, 335.51)
a: (-0.05, -0.07, 1.03)
g: (-0.05, -0.07, 1.00)
net: (-0.00, -0.00, 0.03)
world: (-0.00000, -0.00000, 0.03493)
time: 5.72
ori: (308.99, 352.50, 333.12)
a: (0.24, -1.45, 1.14)
g: (0.13, -0.78, 0.62)
net: (0.11, -0.67, 0.52)
world: (-0.00644, -0.01422, 0.85507)
time: 5.82
ori: (38.28, 42.99, 340.56)
a: (-0.51, 0.46, 0.29)
g: (-0.68, 0.62, 0.57)
net: (0.17, -0.16, -0.28)
world: (-0.06895, 0.08076, -0.34942)
time: 5.92
ori: (28.33, 341.52, 338.57)
a: (0.52, 0.77, 1.33)
g: (0.32, 0.47, 0.83)
net: (0.20, 0.30, 0.50)
world: (0.01240, 0.02093, 0.61403)
time: 6.02
ori: (7.11, 14.56, 336.77)
a: (-0.31, 0.15, 1.18)
g: (-0.25, 0.12, 0.96)
net: (-0.06, 0.03, 0.22)
world: (0.00027, 0.00096, 0.23036)
time: 6.12
ori: (2.16, 354.59, 337.94)
a: (0.09, 0.03, 0.91)
g: (0.09, 0.04, 0.99)
net: (-0.01, -0.00, -0.09)
world: (-0.00001, -0.00001, -0.08954)
time: 6.22
ori: (358.43, 0.45, 338.20)
a: (-0.01, -0.03, 1.08)
g: (-0.01, -0.03, 1.00)
net: (-0.00, -0.00, 0.08)
world: (-0.00000, -0.00000, 0.07563)
time: 6.31
ori: (1.66, 358.24, 339.33)
a: (0.03, 0.03, 0.95)
g: (0.03, 0.03, 1.00)
net: (-0.00, -0.00, -0.05)
world: (-0.00000, -0.00000, -0.05341)
time: 6.41
ori: (1.90, 358.29, 339.65)
a: (0.03, 0.03, 1.02)
g: (0.03, 0.03, 1.00)
net: (0.00, 0.00, 0.02)
world: (0.00000, 0.00000, 0.02146)
time: 6.51
ori: (359.64, 358.92, 339.58)
a: (0.02, -0.01, 1.01)
g: (0.02, -0.01, 1.00)
net: (0.00, -0.00, 0.01)
world: (-0.00000, -0.00000, 0.00978)
time: 6.61
ori: (0.55, 358.11, 339.42)
a: (0.03, 0.01, 1.06)
g: (0.03, 0.01, 1.00)
net: (0.00, 0.00, 0.06)
world: (0.00000, 0.00000, 0.06007)
time: 6.71
ori: (2.28, 0.78, 339.19)
a: (-0.01, 0.04, 0.98)
g: (-0.01, 0.04, 1.00)
net: (0.00, -0.00, -0.02)
world: (-0.00000, -0.00000, -0.02190)
time: 6.81
ori: (2.11, 1.17, 338.86)
a: (-0.02, 0.04, 0.99)
g: (-0.02, 0.04, 1.00)
net: (0.00, -0.00, -0.01)
world: (-0.00000, -0.00000, -0.01261)
time: 6.91
ori: (0.37, 4.57, 338.78)
a: (-0.08, 0.01, 0.99)
g: (-0.08, 0.01, 1.00)
net: (0.00, -0.00, -0.01)
world: (-0.00000, -0.00000, -0.01069)
time: 7.01
ori: (359.35, 2.32, 339.04)
a: (-0.04, -0.01, 1.07)
g: (-0.04, -0.01, 1.00)
net: (-0.00, -0.00, 0.07)
world: (-0.00000, -0.00000, 0.07144)
time: 7.11
ori: (0.26, 0.55, 339.61)
a: (-0.01, 0.00, 1.03)
g: (-0.01, 0.00, 1.00)
net: (-0.00, 0.00, 0.03)
world: (0.00000, 0.00000, 0.03088)
time: 7.21
ori: (0.69, 359.40, 340.02)
a: (0.01, 0.01, 1.01)
g: (0.01, 0.01, 1.00)
net: (0.00, 0.00, 0.01)
world: (0.00000, 0.00000, 0.01343)
time: 7.31
ori: (1.25, 359.04, 340.04)
a: (0.02, 0.02, 0.98)
g: (0.02, 0.02, 1.00)
net: (-0.00, -0.00, -0.02)
world: (-0.00000, -0.00000, -0.02032)
time: 7.42
ori: (0.40, 1.63, 339.84)
a: (-0.03, 0.01, 1.00)
g: (-0.03, 0.01, 1.00)
net: (0.00, -0.00, -0.00)
world: (-0.00000, -0.00000, -0.00085)
time: 7.52
ori: (0.61, 0.15, 339.90)
a: (-0.00, 0.01, 1.04)
g: (-0.00, 0.01, 1.00)
net: (-0.00, 0.00, 0.04)
world: (0.00000, 0.00000, 0.04102)
time: 7.62
ori: (1.33, 359.93, 339.41)
a: (0.00, 0.02, 1.00)
g: (0.00, 0.02, 1.00)
net: (0.00, 0.00, 0.00)
world: (0.00000, 0.00000, 0.00375)
time: 7.72
ori: (0.67, 1.64, 339.03)
a: (-0.03, 0.01, 1.01)
g: (-0.03, 0.01, 1.00)
net: (-0.00, 0.00, 0.01)
world: (0.00000, 0.00000, 0.00549)
time: 7.82
ori: (1.00, 0.68, 338.88)
a: (-0.01, 0.02, 1.02)
g: (-0.01, 0.02, 1.00)
net: (-0.00, 0.00, 0.02)
world: (0.00000, 0.00000, 0.01744)
time: 7.92
ori: (1.21, 0.74, 338.64)
a: (-0.01, 0.02, 1.02)
g: (-0.01, 0.02, 1.00)
net: (-0.00, 0.00, 0.02)
world: (0.00000, 0.00000, 0.01728)
time: 8.02
ori: (1.64, 0.78, 338.33)
a: (-0.01, 0.03, 1.00)
g: (-0.01, 0.03, 1.00)
net: (-0.00, 0.00, 0.00)
world: (0.00000, 0.00000, 0.00441)
time: 8.12
ori: (0.52, 4.45, 338.25)
a: (-0.08, 0.01, 1.03)
g: (-0.08, 0.01, 1.00)
net: (-0.00, 0.00, 0.04)
world: (0.00000, 0.00000, 0.03552)
time: 8.22
ori: (359.38, 10.54, 339.22)
a: (-0.19, -0.01, 1.03)
g: (-0.18, -0.01, 0.98)
net: (-0.01, -0.00, 0.05)
world: (-0.00000, -0.00001, 0.05113)
time: 8.32
ori: (1.23, 6.41, 339.05)
a: (-0.12, 0.02, 1.05)
g: (-0.11, 0.02, 0.99)
net: (-0.01, 0.00, 0.06)
world: (0.00000, 0.00001, 0.05696)
time: 8.42
ori: (1.20, 9.20, 339.80)
a: (-0.16, 0.02, 1.00)
g: (-0.16, 0.02, 0.99)
net: (-0.00, 0.00, 0.02)
world: (0.00000, 0.00000, 0.01707)
time: 8.52
ori: (1.14, 5.20, 342.47)
a: (-0.09, 0.02, 0.94)
g: (-0.09, 0.02, 1.00)
net: (0.00, -0.00, -0.05)
world: (-0.00000, -0.00000, -0.05494)
time: 8.62
ori: (1.50, 1.93, 344.51)
a: (-0.03, 0.02, 0.96)
g: (-0.03, 0.03, 1.00)
net: (0.00, -0.00, -0.04)
world: (-0.00000, -0.00000, -0.04399)
time: 8.72
ori: (2.03, 1.09, 347.15)
a: (-0.02, 0.04, 1.04)
g: (-0.02, 0.04, 1.00)
net: (-0.00, 0.00, 0.04)
world: (0.00000, 0.00000, 0.03947)
time: 8.82
ori: (1.24, 6.17, 349.27)
a: (-0.12, 0.02, 1.10)
g: (-0.11, 0.02, 0.99)
net: (-0.01, 0.00, 0.11)
world: (0.00000, 0.00001, 0.10738)
time: 8.92
ori: (2.89, 357.75, 353.91)
a: (0.04, 0.05, 0.96)
g: (0.04, 0.05, 1.00)
net: (-0.00, -0.00, -0.04)
world: (-0.00000, -0.00000, -0.03753)
time: 9.02
ori: (3.89, 355.55, 356.94)
a: (0.08, 0.07, 1.05)
g: (0.08, 0.07, 0.99)
net: (0.00, 0.00, 0.06)
world: (0.00000, 0.00001, 0.05769)
time: 9.12
ori: (5.08, 359.01, 0.89)
a: (0.02, 0.09, 1.04)
g: (0.02, 0.09, 1.00)
net: (0.00, 0.00, 0.05)
world: (0.00000, 0.00000, 0.04675)
time: 9.22
ori: (10.86, 352.18, 3.01)
a: (0.13, 0.18, 0.93)
g: (0.14, 0.19, 0.97)
net: (-0.01, -0.01, -0.04)
world: (0.00005, -0.00001, -0.04221)
time: 9.32
ori: (14.13, 356.34, 2.55)
a: (0.06, 0.25, 0.98)
g: (0.06, 0.24, 0.97)
net: (0.00, 0.00, 0.02)
world: (0.00001, 0.00004, 0.01635)
time: 9.42
ori: (14.54, 356.33, 1.44)
a: (0.06, 0.25, 0.97)
g: (0.06, 0.25, 0.97)
net: (0.00, 0.00, 0.01)
world: (0.00001, 0.00004, 0.00522)
time: 9.52
ori: (11.39, 0.39, 359.51)
a: (-0.01, 0.19, 0.93)
g: (-0.01, 0.20, 0.98)
net: (0.00, -0.01, -0.05)
world: (-0.00000, -0.00000, -0.05162)
time: 9.62
ori: (13.07, 359.06, 358.21)
a: (0.02, 0.23, 0.98)
g: (0.02, 0.23, 0.97)
net: (0.00, 0.00, 0.01)
world: (0.00000, 0.00000, 0.00713)
time: 9.72
ori: (12.59, 358.45, 356.62)
a: (0.03, 0.23, 1.01)
g: (0.03, 0.22, 0.98)
net: (0.00, 0.01, 0.03)
world: (0.00000, 0.00001, 0.03441)
time: 9.82
ori: (10.18, 354.67, 355.83)
a: (0.09, 0.18, 0.98)
g: (0.09, 0.18, 0.98)
net: (0.00, 0.00, 0.00)
world: (0.00001, 0.00002, 0.00011)
time: 9.92
ori: (6.11, 355.49, 354.78)
a: (0.08, 0.11, 1.01)
g: (0.08, 0.11, 0.99)
net: (0.00, 0.00, 0.02)
world: (0.00000, 0.00001, 0.01630)
time: 10.02
ori: (6.48, 358.06, 354.52)
a: (0.04, 0.12, 1.09)
g: (0.03, 0.11, 0.99)
net: (0.00, 0.01, 0.10)
world: (0.00000, 0.00001, 0.10012)
time: 10.12
ori: (8.15, 357.47, 353.79)
a: (0.05, 0.15, 1.02)
g: (0.04, 0.14, 0.99)
net: (0.00, 0.00, 0.03)
world: (0.00000, 0.00001, 0.03261)
time: 10.22
ori: (5.44, 0.16, 353.34)
a: (-0.00, 0.10, 1.02)
g: (-0.00, 0.09, 1.00)
net: (-0.00, 0.00, 0.02)
world: (0.00000, 0.00000, 0.02218)
time: 10.32
ori: (6.02, 353.14, 351.94)
a: (0.11, 0.10, 0.94)
g: (0.12, 0.10, 0.99)
net: (-0.01, -0.00, -0.04)
world: (0.00001, -0.00003, -0.04296)
time: 10.42
ori: (3.53, 358.50, 349.07)
a: (0.03, 0.06, 1.03)
g: (0.03, 0.06, 1.00)
net: (0.00, 0.00, 0.03)
world: (0.00000, 0.00000, 0.03130)
time: 10.52
ori: (0.97, 1.64, 346.63)
a: (-0.03, 0.02, 1.10)
g: (-0.03, 0.02, 1.00)
net: (-0.00, 0.00, 0.10)
world: (0.00000, 0.00000, 0.10162)
time: 10.62
ori: (359.49, 359.37, 346.53)
a: (0.01, -0.01, 1.09)
g: (0.01, -0.01, 1.00)
net: (0.00, -0.00, 0.09)
world: (-0.00000, -0.00000, 0.08635)
time: 10.72
ori: (0.71, 357.75, 344.78)
a: (0.04, 0.01, 1.03)
g: (0.04, 0.01, 1.00)
net: (0.00, 0.00, 0.03)
world: (0.00000, 0.00000, 0.03084)
time: 10.82
ori: (1.72, 357.43, 342.92)
a: (0.05, 0.03, 1.01)
g: (0.04, 0.03, 1.00)
net: (0.00, 0.00, 0.01)
world: (0.00000, 0.00000, 0.00861)
time: 10.92
ori: (2.45, 358.83, 341.37)
a: (0.02, 0.04, 0.93)
g: (0.02, 0.04, 1.00)
net: (-0.00, -0.00, -0.07)
world: (-0.00000, -0.00000, -0.06738)
time: 11.02
ori: (4.61, 1.88, 340.65)
a: (-0.03, 0.08, 0.96)
g: (-0.03, 0.08, 1.00)
net: (0.00, -0.00, -0.03)
world: (-0.00000, -0.00000, -0.03341)
time: 11.12
ori: (6.47, 357.67, 340.16)
a: (0.04, 0.12, 1.09)
g: (0.04, 0.11, 0.99)
net: (0.00, 0.01, 0.09)
world: (0.00000, 0.00001, 0.09515)
time: 11.22
ori: (3.73, 359.83, 336.36)
a: (0.00, 0.07, 1.08)
g: (0.00, 0.06, 1.00)
net: (0.00, 0.01, 0.08)
world: (0.00000, 0.00000, 0.08176)
time: 11.32
ori: (5.72, 17.98, 334.22)
a: (-0.32, 0.10, 0.97)
g: (-0.31, 0.10, 0.95)
net: (-0.01, 0.00, 0.02)
world: (-0.00007, 0.00021, 0.02175)
time: 11.42
ori: (10.57, 11.78, 334.23)
a: (-0.21, 0.19, 0.98)
g: (-0.20, 0.18, 0.96)
net: (-0.00, 0.00, 0.02)
world: (-0.00003, 0.00027, 0.02355)
time: 11.52
ori: (11.79, 356.50, 334.15)
a: (0.06, 0.20, 0.94)
g: (0.06, 0.20, 0.98)
net: (-0.00, -0.01, -0.03)
world: (0.00001, 0.00000, -0.03381)
time: 11.62
ori: (14.63, 358.76, 331.93)
a: (0.02, 0.25, 0.94)
g: (0.02, 0.25, 0.97)
net: (-0.00, -0.01, -0.03)
world: (0.00000, 0.00000, -0.02659)
time: 11.72
ori: (8.71, 1.21, 330.44)
a: (-0.02, 0.16, 1.04)
g: (-0.02, 0.15, 0.99)
net: (-0.00, 0.01, 0.05)
world: (0.00000, 0.00000, 0.05173)
time: 11.82
ori: (3.51, 356.71, 329.17)
a: (0.06, 0.07, 1.08)
g: (0.06, 0.06, 1.00)
net: (0.00, 0.01, 0.08)
world: (0.00000, 0.00001, 0.08291)
time: 11.92
ori: (1.63, 354.06, 327.75)
a: (0.11, 0.03, 1.02)
g: (0.10, 0.03, 0.99)
net: (0.00, 0.00, 0.03)
world: (0.00000, 0.00000, 0.02999)
time: 12.02
ori: (0.20, 358.40, 326.64)
a: (0.03, 0.00, 0.98)
g: (0.03, 0.00, 1.00)
net: (-0.00, -0.00, -0.02)
world: (-0.00000, -0.00000, -0.02030)
time: 12.13
ori: (1.27, 358.11, 325.95)
a: (0.03, 0.02, 1.00)
g: (0.03, 0.02, 1.00)
net: (-0.00, -0.00, -0.00)
world: (0.00000, -0.00000, -0.00079)
time: 12.23
ori: (2.14, 357.98, 326.14)
a: (0.04, 0.04, 1.02)
g: (0.04, 0.04, 1.00)
net: (0.00, 0.00, 0.02)
world: (0.00000, 0.00000, 0.02503)
time: 12.33
ori: (359.72, 359.40, 327.05)
a: (0.01, -0.00, 1.01)
g: (0.01, -0.00, 1.00)
net: (0.00, -0.00, 0.01)
world: (-0.00000, -0.00000, 0.01221)
time: 12.43
ori: (0.45, 356.72, 328.19)
a: (0.06, 0.01, 1.04)
g: (0.06, 0.01, 1.00)
net: (0.00, 0.00, 0.04)
world: (0.00000, 0.00000, 0.03701)
time: 12.53
ori: (359.64, 352.94, 329.45)
a: (0.12, -0.01, 0.98)
g: (0.12, -0.01, 0.99)
net: (-0.00, 0.00, -0.02)
world: (0.00000, 0.00000, -0.01595)
time: 12.63
ori: (1.99, 356.05, 329.49)
a: (0.07, 0.04, 1.04)
g: (0.07, 0.03, 1.00)
net: (0.00, 0.00, 0.05)
world: (0.00000, 0.00000, 0.04658)
time: 12.73
ori: (1.90, 354.88, 329.43)
a: (0.09, 0.03, 0.99)
g: (0.09, 0.03, 1.00)
net: (-0.00, -0.00, -0.00)
world: (0.00000, -0.00000, -0.00501)
time: 12.83
ori: (357.44, 353.52, 328.72)
a: (0.11, -0.04, 1.00)
g: (0.11, -0.04, 0.99)
net: (0.00, -0.00, 0.01)
world: (0.00000, -0.00000, 0.00560)
time: 12.93
ori: (354.90, 355.23, 327.05)
a: (0.09, -0.10, 1.09)
g: (0.08, -0.09, 0.99)
net: (0.01, -0.01, 0.10)
world: (-0.00002, -0.00003, 0.10236)
time: 13.03
ori: (356.68, 356.92, 325.79)
a: (0.05, -0.06, 0.96)
g: (0.05, -0.06, 1.00)
net: (-0.00, 0.00, -0.03)
world: (0.00000, 0.00000, -0.03250)
time: 13.13
ori: (359.63, 357.46, 324.20)
a: (0.04, -0.01, 0.97)
g: (0.04, -0.01, 1.00)
net: (-0.00, 0.00, -0.03)
world: (0.00000, 0.00000, -0.03162)
time: 13.23
ori: (1.93, 1.42, 323.70)
a: (-0.02, 0.03, 0.99)
g: (-0.02, 0.03, 1.00)
net: (0.00, -0.00, -0.01)
world: (-0.00000, -0.00000, -0.00975)
time: 13.33
ori: (3.74, 1.22, 324.94)
a: (-0.02, 0.06, 0.99)
g: (-0.02, 0.07, 1.00)
net: (0.00, -0.00, -0.01)
world: (-0.00000, -0.00000, -0.01030)
time: 13.43
ori: (6.53, 359.34, 326.88)
a: (0.01, 0.12, 1.05)
g: (0.01, 0.11, 0.99)
net: (0.00, 0.01, 0.06)
world: (0.00000, 0.00000, 0.05839)
time: 13.53
ori: (6.80, 354.02, 327.54)
a: (0.11, 0.13, 1.05)
g: (0.10, 0.12, 0.99)
net: (0.01, 0.01, 0.07)
world: (0.00003, 0.00004, 0.06600)
time: 13.63
ori: (8.06, 357.02, 327.92)
a: (0.05, 0.14, 0.99)
g: (0.05, 0.14, 0.99)
net: (-0.00, -0.00, -0.00)
world: (0.00000, 0.00000, -0.00162)
time: 13.73
ori: (5.75, 358.83, 328.47)
a: (0.02, 0.10, 1.01)
g: (0.02, 0.10, 0.99)
net: (0.00, 0.00, 0.01)
world: (0.00000, 0.00000, 0.01312)
time: 13.83
ori: (9.54, 1.15, 330.59)
a: (-0.02, 0.17, 1.01)
g: (-0.02, 0.17, 0.99)
net: (-0.00, 0.00, 0.02)
world: (0.00000, 0.00000, 0.02283)
time: 13.93
ori: (8.30, 358.20, 331.04)
a: (0.03, 0.16, 1.08)
g: (0.03, 0.14, 0.99)
net: (0.00, 0.01, 0.09)
world: (0.00000, 0.00001, 0.09595)
time: 14.03
ori: (3.25, 359.14, 330.80)
a: (0.02, 0.06, 1.05)
g: (0.01, 0.06, 1.00)
net: (0.00, 0.00, 0.05)
world: (0.00000, 0.00000, 0.05492)
time: 14.13
ori: (1.00, 358.93, 330.57)
a: (0.02, 0.02, 0.97)
g: (0.02, 0.02, 1.00)
net: (-0.00, -0.00, -0.03)
world: (-0.00000, -0.00000, -0.02562)
time: 14.23
ori: (0.90, 0.04, 330.18)
a: (-0.00, 0.02, 0.99)
g: (-0.00, 0.02, 1.00)
net: (0.00, -0.00, -0.01)
world: (-0.00000, -0.00000, -0.00677)
time: 14.33
ori: (0.79, 359.65, 330.03)
a: (0.01, 0.01, 1.02)
g: (0.01, 0.01, 1.00)
net: (0.00, 0.00, 0.02)
world: (0.00000, 0.00000, 0.02374)
time: 14.43
ori: (1.38, 358.58, 330.23)
a: (0.03, 0.02, 1.02)
g: (0.02, 0.02, 1.00)
net: (0.00, 0.00, 0.02)
world: (0.00000, 0.00000, 0.01733)
time: 14.53
ori: (2.51, 357.47, 330.49)
a: (0.04, 0.04, 0.99)
g: (0.04, 0.04, 1.00)
net: (-0.00, -0.00, -0.01)
world: (-0.00000, -0.00000, -0.00859)
time: 14.63
ori: (2.41, 357.62, 330.78)
a: (0.04, 0.04, 1.06)
g: (0.04, 0.04, 1.00)
net: (0.00, 0.00, 0.06)
world: (0.00000, 0.00000, 0.06357)
time: 14.73
ori: (2.48, 358.70, 330.80)
a: (0.02, 0.04, 1.00)
g: (0.02, 0.04, 1.00)
net: (0.00, 0.00, 0.00)
world: (0.00000, 0.00000, 0.00022)
time: 14.83
ori: (2.72, 357.52, 330.89)
a: (0.04, 0.05, 1.02)
g: (0.04, 0.05, 1.00)
net: (0.00, 0.00, 0.02)
world: (0.00000, 0.00000, 0.01956)
time: 14.93
ori: (2.67, 358.50, 330.90)
a: (0.03, 0.05, 1.02)
g: (0.03, 0.05, 1.00)
net: (0.00, 0.00, 0.02)
world: (0.00000, 0.00000, 0.02209)
time: 15.03
ori: (2.58, 357.16, 331.01)
a: (0.05, 0.05, 1.02)
g: (0.05, 0.04, 1.00)
net: (0.00, 0.00, 0.03)
world: (0.00000, 0.00000, 0.02684)
time: 15.13
ori: (2.93, 357.76, 330.93)
a: (0.04, 0.05, 1.01)
g: (0.04, 0.05, 1.00)
net: (0.00, 0.00, 0.02)
world: (0.00000, 0.00000, 0.01516)
time: 15.23
ori: (3.10, 357.69, 330.82)
a: (0.04, 0.06, 1.02)
g: (0.04, 0.05, 1.00)
net: (0.00, 0.00, 0.02)
world: (0.00000, 0.00000, 0.02388)
time: 15.33
ori: (3.02, 357.19, 330.67)
a: (0.05, 0.05, 1.01)
g: (0.05, 0.05, 1.00)
net: (0.00, 0.00, 0.01)
world: (0.00000, 0.00000, 0.01374)
time: 15.43
ori: (3.01, 357.68, 330.52)
a: (0.04, 0.05, 1.00)
g: (0.04, 0.05, 1.00)
net: (-0.00, -0.00, -0.00)
world: (0.00000, 0.00000, -0.00091)
time: 15.53
ori: (3.16, 357.18, 330.42)
a: (0.05, 0.06, 1.02)
g: (0.05, 0.06, 1.00)
net: (0.00, 0.00, 0.02)
world: (0.00000, 0.00000, 0.01878)
time: 15.63
ori: (3.17, 357.46, 330.12)
a: (0.05, 0.06, 1.01)
g: (0.04, 0.06, 1.00)
net: (0.00, 0.00, 0.02)
world: (0.00000, 0.00000, 0.01708)
time: 15.73
ori: (2.76, 357.61, 330.05)
a: (0.04, 0.05, 1.01)
g: (0.04, 0.05, 1.00)
net: (0.00, 0.00, 0.01)
world: (0.00000, 0.00000, 0.01017)
time: 15.83
ori: (3.10, 357.07, 329.94)
a: (0.05, 0.06, 1.03)
g: (0.05, 0.05, 1.00)
net: (0.00, 0.00, 0.03)
world: (0.00000, 0.00000, 0.02885)
time: 15.93
ori: (3.16, 357.20, 329.84)
a: (0.05, 0.06, 1.00)
g: (0.05, 0.06, 1.00)
net: (-0.00, -0.00, -0.00)
world: (0.00000, 0.00000, -0.00082)
time: 16.03
ori: (2.93, 358.25, 329.79)
a: (0.03, 0.05, 1.02)
g: (0.03, 0.05, 1.00)
net: (0.00, 0.00, 0.02)
world: (0.00000, 0.00000, 0.01939)
time: 16.13
ori: (3.10, 356.69, 329.89)
a: (0.06, 0.05, 1.00)
g: (0.06, 0.05, 1.00)
net: (0.00, 0.00, 0.01)
world: (0.00000, 0.00000, 0.00749)
time: 16.23
ori: (3.98, 357.67, 329.64)
a: (0.04, 0.07, 1.03)
g: (0.04, 0.07, 1.00)
net: (0.00, 0.00, 0.03)
world: (0.00000, 0.00000, 0.03423)
time: 16.33
ori: (2.85, 357.66, 329.58)
a: (0.04, 0.05, 1.02)
g: (0.04, 0.05, 1.00)
net: (0.00, 0.00, 0.03)
world: (0.00000, 0.00000, 0.02636)
time: 16.43
ori: (2.82, 356.26, 329.49)
a: (0.07, 0.05, 1.01)
g: (0.07, 0.05, 1.00)
net: (0.00, 0.00, 0.01)
world: (0.00000, 0.00000, 0.01426)
time: 16.53
ori: (3.09, 357.67, 329.41)
a: (0.04, 0.05, 1.01)
g: (0.04, 0.05, 1.00)
net: (0.00, 0.00, 0.01)
world: (0.00000, 0.00000, 0.01397)
time: 16.63
ori: (2.65, 356.71, 329.38)
a: (0.06, 0.05, 1.02)
g: (0.06, 0.05, 1.00)
net: (0.00, 0.00, 0.02)
world: (0.00000, 0.00000, 0.01900)
time: 16.73
ori: (2.73, 357.21, 329.26)
a: (0.05, 0.05, 0.99)
g: (0.05, 0.05, 1.00)
net: (-0.00, -0.00, -0.00)
world: (0.00000, -0.00000, -0.00459)
time: 16.83
ori: (3.54, 357.62, 329.28)
a: (0.04, 0.06, 1.02)
g: (0.04, 0.06, 1.00)
net: (0.00, 0.00, 0.02)
world: (0.00000, 0.00000, 0.02089)
time: 16.93
ori: (3.36, 357.07, 329.27)
a: (0.05, 0.06, 1.01)
g: (0.05, 0.06, 1.00)
net: (0.00, 0.00, 0.02)
world: (0.00000, 0.00000, 0.01583)
time: 17.03
ori: (3.27, 357.07, 329.08)
a: (0.05, 0.06, 1.02)
g: (0.05, 0.06, 1.00)
net: (0.00, 0.00, 0.03)
world: (0.00000, 0.00000, 0.02743)
