time: 0.00
ori: (4.55, 359.74, 0.01)
a: (0.00, 0.08, 1.01)
g: (0.00, 0.08, 1.00)
net: (0.00, 0.01, 0.12)
world: (0.00109, 0.01934, 0.12082)
time: 0.10
ori: (4.51, 359.72, 0.01)
a: (0.00, 0.08, 1.01)
g: (0.00, 0.08, 1.00)
net: (0.00, 0.01, 0.13)
world: (0.00122, 0.01979, 0.12457)
time: 0.20
ori: (4.55, 359.74, 0.01)
a: (0.00, 0.08, 1.01)
g: (0.00, 0.08, 1.00)
net: (0.00, 0.01, 0.13)
world: (0.00118, 0.02034, 0.12686)
time: 0.30
ori: (4.53, 359.70, 0.02)
a: (0.01, 0.08, 1.01)
g: (0.01, 0.08, 1.00)
net: (0.00, 0.01, 0.12)
world: (0.00123, 0.01870, 0.11714)
time: 0.40
ori: (4.51, 359.77, 0.01)
a: (0.00, 0.08, 1.01)
g: (0.00, 0.08, 1.00)
net: (0.00, 0.01, 0.12)
world: (0.00096, 0.01861, 0.11733)
time: 0.50
ori: (4.52, 359.76, 0.02)
a: (0.00, 0.08, 1.01)
g: (0.00, 0.08, 1.00)
net: (0.00, 0.01, 0.12)
world: (0.00102, 0.01898, 0.11928)
time: 0.60
ori: (4.47, 359.79, 0.02)
a: (0.00, 0.08, 1.01)
g: (0.00, 0.08, 1.00)
net: (0.00, 0.01, 0.11)
world: (0.00079, 0.01700, 0.10798)
time: 0.70
ori: (4.45, 359.73, 0.02)
a: (0.00, 0.08, 1.01)
g: (0.00, 0.08, 1.00)
net: (0.00, 0.01, 0.11)
world: (0.00107, 0.01732, 0.11067)
time: 0.80
ori: (4.44, 359.74, 0.01)
a: (0.00, 0.08, 1.01)
g: (0.00, 0.08, 1.00)
net: (0.00, 0.01, 0.12)
world: (0.00109, 0.01832, 0.11715)
time: 0.90
ori: (4.50, 359.82, 0.01)
a: (0.00, 0.08, 1.01)
g: (0.00, 0.08, 1.00)
net: (0.00, 0.01, 0.11)
world: (0.00073, 0.01771, 0.11186)
time: 1.01
ori: (4.41, 359.76, 0.01)
a: (0.00, 0.08, 1.01)
g: (0.00, 0.08, 1.00)
net: (0.00, 0.01, 0.11)
world: (0.00094, 0.01763, 0.11370)
time: 1.11
ori: (4.46, 359.79, 0.01)
a: (0.00, 0.08, 1.01)
g: (0.00, 0.08, 1.00)
net: (0.00, 0.01, 0.11)
world: (0.00084, 0.01760, 0.11202)
time: 1.21
ori: (4.53, 359.77, 0.02)
a: (0.00, 0.08, 1.01)
g: (0.00, 0.08, 1.00)
net: (0.00, 0.01, 0.12)
world: (0.00095, 0.01855, 0.11641)
time: 1.31
ori: (4.50, 359.74, 0.02)
a: (0.00, 0.08, 1.01)
g: (0.00, 0.08, 1.00)
net: (0.00, 0.01, 0.11)
world: (0.00103, 0.01779, 0.11245)
time: 1.41
ori: (4.49, 359.74, 0.02)
a: (0.00, 0.08, 1.01)
g: (0.00, 0.08, 1.00)
net: (0.00, 0.01, 0.12)
world: (0.00107, 0.01849, 0.11708)
time: 1.51
ori: (4.49, 359.76, 0.02)
a: (0.00, 0.08, 1.01)
g: (0.00, 0.08, 1.00)
net: (0.00, 0.01, 0.12)
world: (0.00099, 0.01832, 0.11593)
time: 1.61
ori: (4.50, 359.80, 0.02)
a: (0.00, 0.08, 1.01)
g: (0.00, 0.08, 1.00)
net: (0.00, 0.01, 0.12)
world: (0.00085, 0.01891, 0.11953)
time: 1.71
ori: (4.52, 359.78, 0.02)
a: (0.00, 0.08, 1.01)
g: (0.00, 0.08, 1.00)
net: (0.00, 0.01, 0.13)
world: (0.00104, 0.02103, 0.13228)
time: 1.81
ori: (4.51, 359.73, 0.03)
a: (0.00, 0.08, 1.01)
g: (0.00, 0.08, 1.00)
net: (0.00, 0.01, 0.14)
world: (0.00128, 0.02127, 0.13400)
time: 1.91
ori: (4.47, 359.77, 0.03)
a: (0.00, 0.08, 1.01)
g: (0.00, 0.08, 1.00)
net: (0.00, 0.01, 0.13)
world: (0.00109, 0.02064, 0.13113)
time: 2.01
ori: (4.52, 359.80, 0.03)
a: (0.00, 0.08, 1.01)
g: (0.00, 0.08, 1.00)
net: (0.00, 0.01, 0.13)
world: (0.00090, 0.02008, 0.12633)
time: 2.11
ori: (4.57, 359.72, 0.03)
a: (0.00, 0.08, 1.01)
g: (0.00, 0.08, 1.00)
net: (0.00, 0.01, 0.13)
world: (0.00124, 0.02043, 0.12705)
time: 2.21
ori: (4.49, 359.79, 0.03)
a: (0.00, 0.08, 1.01)
g: (0.00, 0.08, 1.00)
net: (0.00, 0.01, 0.14)
world: (0.00101, 0.02140, 0.13546)
time: 2.31
ori: (4.47, 359.80, 0.03)
a: (0.00, 0.08, 1.01)
g: (0.00, 0.08, 1.00)
net: (0.00, 0.01, 0.12)
world: (0.00085, 0.01913, 0.12158)
time: 2.41
ori: (4.49, 359.79, 0.04)
a: (0.00, 0.08, 1.01)
g: (0.00, 0.08, 1.00)
net: (0.00, 0.01, 0.12)
world: (0.00089, 0.01910, 0.12072)
time: 2.51
ori: (4.48, 359.77, 0.04)
a: (0.00, 0.08, 1.01)
g: (0.00, 0.08, 1.00)
net: (0.00, 0.01, 0.11)
world: (0.00091, 0.01743, 0.11049)
time: 2.61
ori: (4.47, 359.77, 0.03)
a: (0.00, 0.08, 1.01)
g: (0.00, 0.08, 1.00)
net: (0.00, 0.01, 0.12)
world: (0.00101, 0.01911, 0.12156)
time: 2.71
ori: (4.53, 359.84, 0.03)
a: (0.00, 0.08, 1.01)
g: (0.00, 0.08, 1.00)
net: (0.00, 0.01, 0.12)
world: (0.00067, 0.01855, 0.11637)
time: 2.81
ori: (4.51, 359.72, 0.04)
a: (0.00, 0.08, 1.01)
g: (0.00, 0.08, 1.00)
net: (0.00, 0.01, 0.13)
world: (0.00122, 0.01979, 0.12457)
time: 2.91
ori: (4.47, 359.83, 0.04)
a: (0.00, 0.08, 1.01)
g: (0.00, 0.08, 1.00)
net: (0.00, 0.01, 0.12)
world: (0.00071, 0.01894, 0.12039)
time: 3.01
ori: (4.47, 359.78, 0.04)
a: (0.00, 0.08, 1.01)
g: (0.00, 0.08, 1.00)
net: (0.00, 0.01, 0.12)
world: (0.00091, 0.01826, 0.11620)
time: 3.11
ori: (4.51, 359.74, 0.04)
a: (0.00, 0.08, 1.01)
g: (0.00, 0.08, 1.00)
net: (0.00, 0.01, 0.12)
world: (0.00110, 0.01901, 0.11975)
time: 3.21
ori: (4.47, 359.73, 0.04)
a: (0.00, 0.08, 1.01)
g: (0.00, 0.08, 1.00)
net: (0.00, 0.01, 0.13)
world: (0.00118, 0.01950, 0.12399)
time: 3.31
ori: (4.56, 359.79, 0.03)
a: (0.00, 0.08, 1.01)
g: (0.00, 0.08, 1.00)
net: (0.00, 0.01, 0.13)
world: (0.00097, 0.02050, 0.12755)
time: 3.41
ori: (4.50, 359.77, 0.03)
a: (0.00, 0.08, 1.01)
g: (0.00, 0.08, 1.00)
net: (0.00, 0.01, 0.13)
world: (0.00107, 0.02099, 0.13261)
time: 3.51
ori: (4.52, 359.73, 0.04)
a: (0.00, 0.08, 1.01)
g: (0.00, 0.08, 1.00)
net: (0.00, 0.01, 0.13)
world: (0.00123, 0.02076, 0.13054)
time: 3.61
ori: (4.49, 359.70, 0.03)
a: (0.01, 0.08, 1.01)
g: (0.01, 0.08, 1.00)
net: (0.00, 0.01, 0.12)
world: (0.00133, 0.01948, 0.12315)
time: 3.71
ori: (4.48, 359.80, 0.04)
a: (0.00, 0.08, 1.01)
g: (0.00, 0.08, 1.00)
net: (0.00, 0.01, 0.12)
world: (0.00085, 0.01883, 0.11936)
time: 3.81
ori: (4.49, 359.77, 0.04)
a: (0.00, 0.08, 1.01)
g: (0.00, 0.08, 1.00)
net: (0.00, 0.01, 0.13)
world: (0.00103, 0.01972, 0.12482)
time: 3.91
ori: (4.53, 359.79, 0.04)
a: (0.00, 0.08, 1.01)
g: (0.00, 0.08, 1.00)
net: (0.00, 0.01, 0.11)
world: (0.00084, 0.01807, 0.11341)
time: 4.01
ori: (4.51, 359.77, 0.04)
a: (0.00, 0.08, 1.01)
g: (0.00, 0.08, 1.00)
net: (0.00, 0.01, 0.13)
world: (0.00103, 0.01965, 0.12386)
time: 4.11
ori: (4.53, 359.75, 0.05)
a: (0.00, 0.08, 1.01)
g: (0.00, 0.08, 1.00)
net: (0.00, 0.01, 0.13)
world: (0.00111, 0.02009, 0.12595)
time: 4.21
ori: (4.50, 359.70, 0.05)
a: (0.01, 0.08, 1.01)
g: (0.01, 0.08, 1.00)
net: (0.00, 0.01, 0.12)
world: (0.00132, 0.01943, 0.12264)
time: 4.31
ori: (4.48, 359.69, 0.05)
a: (0.01, 0.08, 1.01)
g: (0.01, 0.08, 1.00)
net: (0.00, 0.01, 0.13)
world: (0.00140, 0.01978, 0.12538)
time: 4.41
ori: (4.57, 359.77, 0.05)
a: (0.00, 0.08, 1.01)
g: (0.00, 0.08, 1.00)
net: (0.00, 0.01, 0.12)
world: (0.00096, 0.01879, 0.11690)
time: 4.51
ori: (4.52, 359.75, 0.06)
a: (0.00, 0.08, 1.01)
g: (0.00, 0.08, 1.00)
net: (0.00, 0.01, 0.13)
world: (0.00119, 0.02118, 0.13298)
time: 4.61
ori: (4.50, 359.73, 0.06)
a: (0.00, 0.08, 1.01)
g: (0.00, 0.08, 1.00)
net: (0.00, 0.01, 0.12)
world: (0.00111, 0.01850, 0.11672)
time: 4.71
ori: (4.47, 359.75, 0.06)
a: (0.00, 0.08, 1.01)
g: (0.00, 0.08, 1.00)
net: (0.00, 0.01, 0.13)
world: (0.00115, 0.02053, 0.13051)
time: 4.81
ori: (4.58, 359.78, 0.06)
a: (0.00, 0.08, 1.01)
g: (0.00, 0.08, 1.00)
net: (0.00, 0.01, 0.12)
world: (0.00093, 0.01909, 0.11830)
time: 4.91
ori: (4.50, 359.79, 0.06)
a: (0.00, 0.08, 1.01)
g: (0.00, 0.08, 1.00)
net: (0.00, 0.01, 0.13)
world: (0.00097, 0.02013, 0.12725)
time: 5.01
ori: (4.49, 359.77, 0.06)
a: (0.00, 0.08, 1.01)
g: (0.00, 0.08, 1.00)
net: (0.00, 0.01, 0.12)
world: (0.00100, 0.01919, 0.12132)
time: 5.11
ori: (4.54, 359.79, 0.06)
a: (0.00, 0.08, 1.01)
g: (0.00, 0.08, 1.00)
net: (0.00, 0.01, 0.12)
world: (0.00090, 0.01920, 0.12012)
time: 5.21
ori: (4.54, 359.77, 0.06)
a: (0.00, 0.08, 1.01)
g: (0.00, 0.08, 1.00)
net: (0.00, 0.01, 0.12)
world: (0.00100, 0.01969, 0.12312)
time: 5.31
ori: (4.52, 359.67, 0.06)
a: (0.01, 0.08, 1.01)
g: (0.01, 0.08, 1.00)
net: (0.00, 0.01, 0.11)
world: (0.00129, 0.01739, 0.10928)
time: 5.41
ori: (4.52, 359.71, 0.06)
a: (0.01, 0.08, 1.01)
g: (0.00, 0.08, 1.00)
net: (0.00, 0.01, 0.13)
world: (0.00133, 0.02081, 0.13065)
time: 5.51
ori: (4.57, 359.73, 0.06)
a: (0.00, 0.08, 1.01)
g: (0.00, 0.08, 1.00)
net: (0.00, 0.01, 0.12)
world: (0.00112, 0.01898, 0.11811)
time: 5.61
ori: (4.47, 359.81, 0.06)
a: (0.00, 0.08, 1.01)
g: (0.00, 0.08, 1.00)
net: (0.00, 0.01, 0.12)
world: (0.00082, 0.01903, 0.12099)
time: 5.71
ori: (4.50, 359.78, 0.06)
a: (0.00, 0.08, 1.01)
g: (0.00, 0.08, 1.00)
net: (0.00, 0.01, 0.12)
world: (0.00092, 0.01887, 0.11904)
time: 5.81
ori: (4.49, 359.78, 0.06)
a: (0.00, 0.08, 1.01)
g: (0.00, 0.08, 1.00)
net: (0.00, 0.01, 0.11)
world: (0.00085, 0.01699, 0.10757)
time: 5.91
ori: (4.47, 359.83, 0.06)
a: (0.00, 0.08, 1.01)
g: (0.00, 0.08, 1.00)
net: (0.00, 0.01, 0.12)
world: (0.00074, 0.01883, 0.11976)
time: 6.01
ori: (4.49, 359.79, 0.06)
a: (0.00, 0.08, 1.01)
g: (0.00, 0.08, 1.00)
net: (0.00, 0.01, 0.12)
world: (0.00087, 0.01830, 0.11587)
time: 6.11
ori: (4.41, 359.82, 0.06)
a: (0.00, 0.08, 1.01)
g: (0.00, 0.08, 1.00)
net: (0.00, 0.01, 0.12)
world: (0.00078, 0.01849, 0.11907)
time: 6.21
ori: (4.47, 359.80, 0.06)
a: (0.00, 0.08, 1.01)
g: (0.00, 0.08, 1.00)
net: (0.00, 0.01, 0.13)
world: (0.00087, 0.01961, 0.12458)
time: 6.32
ori: (4.51, 359.75, 0.05)
a: (0.00, 0.08, 1.01)
g: (0.00, 0.08, 1.00)
net: (0.00, 0.01, 0.12)
world: (0.00104, 0.01866, 0.11743)
time: 6.42
ori: (4.44, 359.87, 0.06)
a: (0.00, 0.08, 1.01)
g: (0.00, 0.08, 1.00)
net: (0.00, 0.01, 0.12)
world: (0.00056, 0.01913, 0.12238)
time: 6.52
ori: (4.44, 359.77, 0.06)
a: (0.00, 0.08, 1.01)
g: (0.00, 0.08, 1.00)
net: (0.00, 0.01, 0.13)
world: (0.00101, 0.01952, 0.12484)
time: 6.62
ori: (4.49, 359.81, 0.06)
a: (0.00, 0.08, 1.01)
g: (0.00, 0.08, 1.00)
net: (0.00, 0.01, 0.11)
world: (0.00073, 0.01671, 0.10579)
time: 6.72
ori: (4.48, 359.78, 0.06)
a: (0.00, 0.08, 1.01)
g: (0.00, 0.08, 1.00)
net: (0.00, 0.01, 0.12)
world: (0.00091, 0.01796, 0.11398)
time: 6.82
ori: (4.49, 359.78, 0.05)
a: (0.00, 0.08, 1.01)
g: (0.00, 0.08, 1.00)
net: (0.00, 0.01, 0.12)
world: (0.00091, 0.01848, 0.11705)
time: 6.92
ori: (4.49, 359.79, 0.05)
a: (0.00, 0.08, 1.01)
g: (0.00, 0.08, 1.00)
net: (0.00, 0.01, 0.13)
world: (0.00098, 0.02055, 0.13011)
time: 7.02
ori: (4.46, 359.72, 0.05)
a: (0.00, 0.08, 1.01)
g: (0.00, 0.08, 1.00)
net: (0.00, 0.01, 0.12)
world: (0.00121, 0.01909, 0.12155)
time: 7.12
ori: (4.44, 359.81, 0.04)
a: (0.00, 0.08, 1.01)
g: (0.00, 0.08, 1.00)
net: (0.00, 0.01, 0.12)
world: (0.00080, 0.01857, 0.11883)
time: 7.22
ori: (4.51, 359.77, 0.05)
a: (0.00, 0.08, 1.01)
g: (0.00, 0.08, 1.00)
net: (0.00, 0.01, 0.12)
world: (0.00096, 0.01845, 0.11619)
time: 7.32
ori: (4.50, 359.70, 0.04)
a: (0.01, 0.08, 1.01)
g: (0.01, 0.08, 1.00)
net: (0.00, 0.01, 0.13)
world: (0.00134, 0.02019, 0.12740)
time: 7.42
ori: (4.50, 359.79, 0.04)
a: (0.00, 0.08, 1.01)
g: (0.00, 0.08, 1.00)
net: (0.00, 0.01, 0.12)
world: (0.00091, 0.01882, 0.11895)
time: 7.52
ori: (4.52, 359.80, 0.04)
a: (0.00, 0.08, 1.01)
g: (0.00, 0.08, 1.00)
net: (0.00, 0.01, 0.13)
world: (0.00089, 0.01992, 0.12519)
